,price_pred
0,581528.8780139685
1,581528.8780139685
2,973569.022208482
3,407441.45331163704
4,596618.2765290439
5,1272501.1863881946
6,378635.60515123606
7,352738.0707227737
8,1410437.3085584193
9,421198.70950980484
10,671635.575138852
11,536857.8477977365
12,357823.4644049257
13,391761.48349379003
14,1605860.6176930815
15,468677.0529194176
16,322151.0947177708
17,506358.75929784775
18,603595.0644107014
19,677517.2950612009
20,474216.79377779365
21,430123.8820026815
22,456557.9209703058
23,730535.6794538647
24,286774.7519454956
25,335689.54723855853
26,571326.0921326876
27,880421.2488310039
28,1005649.4393559247
29,442478.90794202685
30,538712.530205816
31,613275.1244223863
32,657678.2868842185
33,397910.4489069879
34,438025.3801469654
35,360516.9021344036
36,501436.8833286613
37,282388.5368207246
38,1077213.2225567102
39,466503.7020573765
40,593298.3278876841
41,461300.55483548343
42,432222.7276070714
43,432222.7276070714
44,597433.2053094953
45,331755.0581421852
46,892162.6122386307
47,307483.5348123908
48,383064.87098148465
49,355114.83633954823
50,479385.39525583386
51,506349.38139015436
52,672234.8782760054
53,675454.9560261518
54,722380.8379132152
55,381419.23149494827
56,300657.68249230087
57,316292.46586471796
58,1020914.5157445073
59,454646.80558507144
60,445737.09680375457
61,739466.2239310294
62,858458.5553322732
63,940332.0466473699
64,917988.5031476468
65,1123225.8272763789
66,493504.82579396665
67,689226.9726742357
68,1219982.6473518014
69,823630.7637740374
70,1293341.0172082335
71,867088.9434316605
72,615415.7219961286
73,1194474.1532318592
74,465683.4282479137
75,857095.7403834015
76,1031551.164350614
77,303050.42408433557
78,288162.9879361838
79,466141.0348793715
80,632030.4803155959
81,838044.6071550846
82,381456.6200939417
83,571168.9796265364
84,366682.2374160588
85,572821.3759256154
86,397928.43624305725
87,662025.5744633228
88,568334.3380797654
89,475918.1088322401
90,440724.8760783076
91,526124.4085211009
92,694427.324845776
93,666113.3562203497
94,738201.2317180187
95,436565.228283599
96,540326.9775555581
97,744917.0685482472
98,607246.8237589747
99,788763.3184795231
100,374327.3050684035
101,784084.2232132107
102,468834.2278448492
103,693898.7940718234
104,519510.42738085985
105,571484.0951894224
106,672291.6843965203
107,582836.1201903075
108,359823.9844112098
109,460635.75224016607
110,360915.3605825603
111,525761.3796966821
112,385825.81636685133
113,803089.4276548624
114,555519.7205802202
115,666479.5850716978
116,682003.0783336014
117,355767.8933863342
118,450904.23079910874
119,679959.8194428533
120,858979.9983755648
121,495214.37179134786
122,591233.0685685575
123,497894.1759262085
124,452893.3882934898
125,1019132.314448148
126,1036959.6645138562
127,684628.905620724
128,558650.3126009852
129,744456.7705216855
130,490333.9394161701
131,702625.8674576879
132,686338.5342980772
133,946634.6784790456
134,377141.58185327053
135,1025243.2753798664
136,343024.80325752497
137,633579.2072916031
138,803344.3201216161
139,677201.3769752979
140,1317149.3619922549
141,448676.3480605185
142,831268.7878020108
143,587768.5427923352
144,405726.86478710175
145,1002300.588539809
146,298225.0903161168
147,558970.8627577275
148,768675.3939746469
149,745451.9828454405
150,450289.67150993645
151,377208.98059111834
152,686685.6353375614
153,355748.36893233657
154,940565.8052546978
155,758073.4605304301
156,334314.0883113444
157,309826.2361872047
158,949475.7942649275
159,893551.286413163
160,663787.5863332301
161,566797.9407779127
162,566797.9407779127
163,233822.70570112765
164,1059115.732064277
165,804878.2234856188
166,478631.4813977778
167,831626.4455889612
168,1161712.9565263093
169,284577.94552740455
170,854661.4238806516
171,539311.9883281738
172,489851.80694517493
173,765158.7509422898
174,553343.8661224395
175,459417.60539992154
176,1340157.6710199118
177,827831.2059206665
178,502535.0342705846
179,397570.32401804626
180,726074.3627732992
181,567671.2989660949
182,453164.3766858578
183,175105.15385955572
184,373267.0098400116
185,590620.5026537031
186,413543.8565349579
187,1244249.9020234942
188,235586.9987524897
189,678246.2436150312
190,400580.4124478847
191,444122.50872918963
192,348992.74299904704
193,263790.37833823264
194,193590.41685414314
195,473119.34133160114
196,466937.5219454169
197,996438.5204972178
198,332867.10655112565
199,146840.73072506487
200,315531.70683021843
201,200277.09718608856
202,611114.0272213668
203,442524.14920176566
204,359042.9822061807
205,1042937.906484276
206,433672.7946666777
207,181714.68999665976
208,637979.3826722056
209,618645.4882233888
210,823647.1718228161
211,277176.83144705
212,495202.1506805718
213,239173.61130408943
214,476523.23320518434
215,311669.5102677196
216,364446.74203795195
217,584914.2780501097
218,463110.5809825659
219,553067.4935954064
220,625619.3498408198
221,847483.2355133593
222,773715.7890178859
223,649206.4513025731
224,675777.1913053393
225,539732.3781999052
226,1133874.8182920367
227,356402.3297620863
228,273333.4432979971
229,564528.0129748434
230,648503.7569358349
231,652804.6520821154
232,508010.76214554906
233,390030.29143482447
234,447676.64843533933
235,899942.4976110458
236,643260.0295633376
237,670265.9666021913
238,595248.8086918443
239,510501.711562559
240,474287.735180676
241,425096.8833539486
242,501991.0797614306
243,881275.3048279285
244,509193.9881967157
245,663735.2117108852
246,669145.2710348815
247,321762.80467638373
248,468773.2709829062
249,239996.63203670084
250,765208.6665716171
251,801599.2217152119
252,704070.840223968
253,787977.3773360848
254,708041.5694467276
255,496174.86361533403
256,539231.9959921241
257,650204.074524343
258,486074.50255954266
259,1110179.893030569
260,694943.88234815
261,668883.32299833
262,583856.6094135344
263,589417.3601589352
264,419035.2127915025
265,650783.1488449723
266,437293.36849197745
267,446163.6834843606
268,727440.2058903575
269,644215.0606811494
270,332044.95355433226
271,619161.0450557172
272,577756.0629897267
273,502534.23716558516
274,534751.8444921523
275,584771.6484569162
276,557002.4016178548
277,714201.7389598936
278,295249.4530186653
279,487431.84326045215
280,629345.4032390267
281,216568.89663919806
282,309411.6032497287
283,602719.3787357956
284,604179.1977537274
285,609592.8629474938
286,656938.837390855
287,1094368.3132757843
288,335001.46758523583
289,354551.35219058394
290,610354.8772411495
291,445615.96857734025
292,581085.3212135434
293,364711.15695540607
294,484642.24879421294
295,211961.64807769656
296,439106.2818081677
297,601261.7321021706
298,486437.81091180444
299,345898.19931693375
300,603987.5426734686
301,510946.64295609295
302,898182.1189176291
303,510160.07520982623
304,359377.89116843045
305,318083.83292758465
306,419868.59006531537
307,521522.5311896056
308,493979.0931087285
309,682646.0461610407
310,240048.26117922366
311,643823.5096046329
312,550069.9188159257
313,541470.3166565299
314,630057.459716484
315,1040754.6102318168
316,644399.1078867018
317,757315.9692795277
318,631137.0068241507
319,817939.7167505324
320,531547.908351019
321,556494.4871358722
322,364814.9057458043
323,984322.7689535171
324,529451.6627664715
325,534529.1324185282
326,631609.8113835156
327,474511.9958150983
328,543225.2488450557
329,486691.9353442788
330,798500.5119695365
331,497120.19282794
332,522674.3839903772
333,471077.4569659233
334,680992.5733059943
335,448119.7075100839
336,472481.2196172327
337,537017.9684139639
338,692350.2228489518
339,644445.524518922
340,670418.8562984914
341,421216.45117631555
342,511572.206348598
343,650708.5461874902
344,1073035.8576310426
345,732275.9363831878
346,507496.42871917784
347,617484.1186508983
348,816443.6254445165
349,471524.69608305395
350,546835.5845149457
351,464198.43483422697
352,592225.3361590207
353,383343.3027985245
354,569495.4496604353
355,442250.8266900927
356,432613.7595796287
357,584381.1774836779
358,460364.8959387839
359,613776.0235126764
360,584160.0729590952
361,609829.5704693645
362,443682.632145226
363,581650.1903639138
364,578540.3018480688
365,456577.84734003246
366,791308.3328452706
367,861613.3629447818
368,607319.6428654939
369,572359.4451204538
370,534789.7136448771
371,1079788.0984309465
372,874922.0500465631
373,525796.1512975842
374,742729.869983539
375,542751.9584148824
376,597414.3167226017
377,894194.5879263282
378,429006.4277820885
379,789931.2267337888
380,1006982.1377149671
381,424316.2017259747
382,846411.2746464461
383,501574.56824854016
384,710909.8008684367
385,860468.4891307056
386,710049.9318436086
387,469832.5810868144
388,628877.7509846538
389,591806.7438472807
390,503380.0999571085
391,588397.6407787949
392,503919.4469258636
393,921548.6252031326
394,513114.36744232476
395,791712.2480341792
396,637402.6421310902
397,573442.7512559593
398,474296.10081501305
399,877654.0703612119
400,465590.6958283186
401,531118.7850947082
402,1114906.347113505
403,342223.9241210669
404,411775.88124115765
405,411837.5412324518
406,839196.676937744
407,457698.8617942482
408,389629.5164016336
409,506624.92324088514
410,644167.5791408718
411,1114929.447778076
412,886009.7946964204
413,467683.396020785
414,515965.3398038596
415,804132.3665100336
416,387150.172631979
417,331803.91038005054
418,439387.1927846968
419,848346.6649009883
420,843924.4523945004
421,411785.3502257019
422,803043.4451739639
423,900235.0145284832
424,467686.30325853825
425,1253388.678538546
426,330974.75622054935
427,536888.3501458466
428,474806.8005981147
429,328682.26431931555
430,331108.24615874887
431,529384.0695641935
432,439387.9990551919
433,964008.1355034709
434,411808.037809059
435,277839.01045024395
436,374942.8772960007
437,320602.91776023805
438,191981.39989426732
439,271776.8903981596
440,285455.88920107484
441,381987.59323118627
442,636302.5481125861
443,647131.1009084582
444,228957.2610923946
445,219175.52077130973
446,630768.6973952949
447,456170.1087128371
448,607923.9276783466
449,256911.49170692265
450,507393.9189660996
451,396763.98444607854
452,264726.0027498603
453,438239.80397206545
454,581907.089962542
455,575196.5315393806
456,713943.6344173402
457,232683.8381779194
458,207655.74877749383
459,545832.449447602
460,397739.8781081587
461,369599.54065826535
462,497149.4965041876
463,583004.2584881335
464,472587.0542961508
465,401051.3510091305
466,436955.18650648
467,457326.9085870683
468,639240.2070338428
469,367051.4418592006
470,1070819.48805359
471,307708.4833191782
472,533162.1969873458
473,426478.6997435391
474,861326.7618689239
475,476315.50653247535
476,473280.93716932833
477,685755.7631776631
478,418077.9007513225
479,325108.36585085094
480,543009.6568386555
481,611475.1435169429
482,157221.4003098458
483,383062.097786054
484,871752.4961607754
485,338381.7346626669
486,211184.94410188496
487,235240.59063617885
488,399029.3818012029
489,537389.7570212483
490,407806.20111888647
491,188505.75263270736
492,370969.38403113186
493,386313.19167272747
494,442550.55203963816
495,441131.3124372661
496,320358.9467520118
497,308945.03747685254
498,672116.0069865733
499,219789.9515043795
500,562094.6254222244
501,422668.13177780807
502,391694.54932907224
503,319633.0716726929
504,191887.8146391511
505,366843.451345399
506,517328.2148719728
507,423797.314560771
508,418093.1258291304
509,425287.1015512496
510,208748.94552892447
511,615977.7949487716
512,245426.04836462438
513,383454.12620054185
514,498237.3338355422
515,595942.7550006807
516,259147.98863129318
517,508336.8458248228
518,254667.46268042922
519,387386.32190173864
520,306364.2178322226
521,524119.58078303933
522,426870.98688954115
523,383140.07818605006
524,261098.2561108321
525,255429.59001630545
526,409275.03020888567
527,370505.4344778657
528,577832.5930677801
529,384166.79815736413
530,242623.84426274896
531,405462.9595486522
532,763924.3693327308
533,554170.6441191733
534,336853.6837538183
535,411809.1307024658
536,228718.86840838194
537,445148.6000007987
538,339130.73283433914
539,252732.2257605195
540,291387.7716436237
541,302583.7935562283
542,441133.8467210382
543,460124.529090628
544,557445.8652892411
545,372751.88392685354
546,397699.4072482586
547,463212.27392581105
548,414967.5557833016
549,1806868.0839839876
550,625621.0796050578
551,304305.2410388142
552,493907.3287949562
553,422705.0017950237
554,788666.7233782262
555,637218.3802663982
556,236540.22622458637
557,210803.0604197383
558,483889.13329668343
559,460162.20406112075
560,948679.3432103395
561,743259.9331115335
562,335461.8642360419
563,479373.45178738236
564,469392.58517062664
565,1772500.112667665
566,531202.5942340195
567,668525.6462076455
568,524097.6501751244
569,398089.58976489305
570,255636.12536853552
571,909388.6010435671
572,471154.80149298906
573,329316.13457529247
574,451203.7574355751
575,283585.6607724577
576,285007.81764635444
577,368040.6129883528
578,237489.00479274988
579,305509.09037198126
580,374811.6573872715
581,416123.4213074446
582,354390.7121537179
583,482414.7602275312
584,320069.09844857454
585,389860.3480001986
586,549495.6102324128
587,293439.1790974289
588,333080.68417166173
589,278451.1163226664
590,307245.13334958255
591,1363299.7294713706
592,596318.5183525085
593,264920.10407577455
594,352735.3840396255
595,369084.43336614966
596,717917.3222633898
597,258020.8070101291
598,205010.06661744416
599,385989.39546093345
600,268557.889344424
601,313876.28661200404
602,247469.24626146257
603,338141.5353190005
604,238526.23178507388
605,322476.5260684192
606,184668.00387258828
607,283096.55883832276
608,189317.27615439892
609,253034.6627563089
610,637056.6867377311
611,368468.3702275455
612,415554.20166426897
613,363692.12260326743
614,330920.0090098977
615,867116.7818261534
616,989415.0722436756
617,1157572.006463468
618,1013738.7890743762
619,942651.2718821168
620,950477.7132198215
621,1013370.1501357704
622,790499.1722846478
623,828920.4153294116
624,951029.8296122551
625,1672592.0900425315
626,1350167.9444380254
627,644735.2700412571
628,855093.3331615478
629,1777209.592161283
630,1223907.551405862
631,845000.8925008476
632,945686.709711507
633,2221877.9197229
634,898660.6399726272
635,1349496.5568560064
636,1334082.2245447785
637,1309350.9325624853
638,781076.9533478618
639,990186.6309942901
640,1028214.7140035927
641,763088.7981474698
642,1081998.009147197
643,1407092.502798766
644,853377.8370269388
645,760156.5047233701
646,784106.135193646
647,853559.7813810855
648,1585301.875957176
649,975226.259043023
650,769342.5480782688
651,804550.4000352323
652,845249.6259617656
653,1225079.157033354
654,1239390.9354818314
655,1257113.5871430635
656,808771.8433886319
657,804386.374415338
658,746740.5778427422
659,794610.1354522258
660,1047282.6975733638
661,853501.2591101974
662,912719.3715900928
663,1524180.6070759594
664,770588.0696114153
665,514548.44222582877
666,611967.462909013
667,561515.9133555889
668,626971.9819336683
669,859820.2900871634
670,609800.8913405389
671,636189.7999956608
672,532158.4510889649
673,473020.19209463894
674,614627.8631434739
675,862684.609700203
676,392366.37961398065
677,548767.5260563046
678,367409.06237767637
679,544342.6999735385
680,397571.77395159006
681,443366.70042307675
682,593431.8275252581
683,641675.8869950622
684,868250.0175070465
685,377592.99376131594
686,550844.3876652867
687,546566.0931336284
688,903722.1050271243
689,517198.7582797855
690,624126.2442699671
691,576120.9491277486
692,474075.8796517253
693,729210.754309684
694,549249.8353788108
695,647525.0178802311
696,496722.6816172898
697,831582.384902969
698,587854.3233638853
699,583610.9009290636
700,765793.447551772
701,646213.9759767056
702,718932.0265108645
703,512748.84284600616
704,509697.76468004286
705,651174.1756050736
706,550839.4006880075
707,686574.5266208202
708,543767.6790360659
709,487849.2777518332
710,703605.3077460378
711,532804.3181368858
712,641437.0877134353
713,419007.3640279919
714,427450.6579142958
715,811082.4060886055
716,562320.2201428264
717,550630.74515149
718,603037.8915204257
719,449462.39610378444
720,533821.9455879927
721,673716.5959305912
722,832546.8594875038
723,799636.8942495435
724,729197.4778689444
725,468060.7194516063
726,402874.48094008863
727,692616.3080397248
728,560518.8627105206
729,489612.63224968314
730,414120.9244354367
731,432835.3421293795
732,482865.73445639014
733,404406.40848362446
734,342509.0752402544
735,475518.3290644586
736,353050.7080115229
737,447644.4054836482
738,434727.75090917945
739,1013251.0178373158
740,501102.01699079573
741,739186.7956874818
742,435817.38995061815
743,524671.2672228068
744,477805.2187419981
745,445248.6474802047
746,556129.9174154699
747,511247.85427857935
748,592723.3901112825
749,856358.2459142655
750,519002.2838590294
751,563546.2889476568
752,323920.38019421697
753,400449.27716095746
754,496005.30664372444
755,520179.45084507763
756,453021.56348980963
757,556226.2701783776
758,508175.941265285
759,447064.59277415276
760,507947.21242687106
761,477743.46310059726
762,419594.91689041257
763,468674.1825810969
764,557962.8578229696
765,510105.45059891045
766,919065.9832506776
767,739187.2087687105
768,480599.4319180846
769,540537.6029240042
770,501544.98385071754
771,600899.6465375572
772,447180.45433811843
773,451889.47800143063
774,566717.2293431759
775,504082.37389309704
776,501630.3647595644
777,435907.936607942
778,435574.56904137135
779,677551.6233586222
780,473613.1722994894
781,518706.9745543152
782,450640.61135558784
783,456383.3042449653
784,487054.85537815094
785,459179.5979322642
786,451652.98900674284
787,455445.42381602526
788,516668.4457541406
789,454235.2123070657
790,321711.2864035219
791,765557.133600235
792,425499.1313481778
793,405652.55559518933
794,447440.1982063949
795,997074.5591881424
796,423979.86322796345
797,507970.51963205636
798,471269.36276747286
799,447042.7045792937
800,412527.76345588267
801,460608.5978548229
802,434812.69133752584
803,454797.0863326192
804,518708.6587625593
805,685438.720810771
806,515531.64778602123
807,579578.2102971226
808,458809.5174250901
809,554268.92361857
810,544257.6020072997
811,402408.9324834347
812,602610.8587723523
813,409009.87157030404
814,509750.28149724007
815,1040543.7644404769
816,495744.3751427978
817,353700.8412119746
818,447146.4776432365
819,830075.450671345
820,424476.7699184716
821,340274.2496174127
822,451734.5406630188
823,465463.4197163135
824,529334.3765978664
825,477167.33112475276
826,514081.7989729643
827,434151.8233426213
828,437926.319832772
829,435109.6134993583
830,402461.17350299656
831,619951.8107882738
832,467733.8607310504
833,527543.4650632143
834,501535.67078092694
835,1364946.6128266603
836,494174.4332918972
837,494174.63983251154
838,398553.4403793514
839,583642.9683084339
840,546645.0918370485
841,424404.6393559724
842,524242.80216270685
843,515527.51085329056
844,297724.02053295076
845,292893.54976156354
846,263854.75148256123
847,510831.009805724
848,1007628.746915549
849,373296.8128592223
850,850149.2326913178
851,457881.9170435667
852,435382.44957102835
853,191647.54969117045
854,343519.6285253316
855,214717.83639158309
856,335686.9159308821
857,248388.59996393323
858,286648.0877594501
859,452915.08086682856
860,238975.3921739608
861,509142.66504220665
862,469207.9110543728
863,360140.1007283181
864,716991.2864930928
865,430339.4973395318
866,660429.3740758002
867,326424.0916876346
868,615920.5223713964
869,542625.9252620339
870,549344.6755979806
871,418662.2182497233
872,307621.638869375
873,461911.3428006768
874,605835.3077788502
875,463336.5187548101
876,462996.1760355383
877,443222.3263684958
878,236022.38547226787
879,426479.31934817135
880,479356.01807653904
881,415337.9797977805
882,439781.3837926388
883,387812.98273947835
884,376928.35888774693
885,585748.0241335928
886,692847.2282253206
887,305719.0747281462
888,326666.6253352463
889,415423.73831503093
890,416302.60881724954
891,415119.9511502534
892,388020.0168234706
893,411325.5548452884
894,461348.5465670079
895,462996.3825761527
896,488774.50117860734
897,461324.7096233517
898,362995.11200740933
899,414454.11904874444
900,913386.7302378416
901,323823.104507491
902,421770.0708947629
903,751979.9171282649
904,351879.6765701026
905,744053.2727434635
906,414995.9824874401
907,464210.12538838387
908,463387.85171577334
909,353352.61892557144
910,686160.636992693
911,388528.0088097304
912,850480.8752732128
913,1012299.7617734671
914,542202.7511638999
915,800111.9239962995
916,553538.0889006406
917,502967.83777697384
918,641276.4524896443
919,680197.8604552746
920,597271.1509946883
921,551066.4001483619
922,922826.9968933463
923,857617.5935844332
924,1438770.896343112
925,802465.3598825037
926,677513.3356263489
927,445451.42589354515
928,500413.4437007159
929,676431.0743581206
930,534169.0299000293
931,491390.92872427404
932,639059.6133399904
933,805151.8059214652
934,460577.04193900526
935,767037.4435486048
936,608399.5779142082
937,799200.0989729464
938,513073.43750342727
939,511821.15838839114
940,551499.3774887472
941,780507.2361293286
942,532932.9298611432
943,735694.5665358603
944,638355.1634482145
945,516509.1690789461
946,499802.9873280227
947,561191.796098575
948,568848.875009045
949,554564.7707626373
950,502394.3951650113
951,531732.4295396954
952,500436.44730328023
953,474758.90369047225
954,512066.1831558943
955,482642.2060216665
956,460296.22005821764
957,416993.7992885709
958,409647.584558323
959,486323.72814670205
960,472332.2235445231
961,540813.868998766
962,599046.126829341
963,474763.48047834635
964,449241.81640677154
965,499516.0404589623
966,1450921.58145459
967,426942.73042577505
968,539449.5176398158
969,503701.1718096137
970,536958.9823449999
971,551423.4695196003
972,443573.83411979675
973,506806.22573281825
974,515430.71371237934
975,475456.5061057359
976,537216.9750987589
977,486392.506168738
978,992672.9779389352
979,394615.4110457897
980,511112.5454326123
981,461134.07101610303
982,488714.39977797866
983,628557.7758917212
984,508877.3703505993
985,528307.510425657
986,515430.71371237934
987,488551.847172603
988,419313.2765542567
989,641459.8685580492
990,516787.2766123116
991,556901.5323369801
992,515479.87037678063
993,575002.0444627255
994,486391.8865469247
995,444846.16204839945
996,516713.0726085901
997,521308.7892944217
998,650988.0098691285
999,598556.0366182476
1000,362250.6638969928
1001,406294.3042333275
1002,590520.8452707231
1003,663631.130168736
1004,505296.92705847323
1005,447359.50792235136
1006,346084.11989209056
1007,620162.7064077258
1008,651636.1921776384
1009,846433.4578542411
1010,608141.8296098262
1011,552036.6554871053
1012,448118.03388378024
1013,579110.3730358481
1014,605171.8236894011
1015,397369.2172038853
1016,872577.3018787205
1017,490050.49153873324
1018,623737.2447193712
1019,558557.6208375543
1020,577798.975953415
1021,383474.99970555305
1022,674733.5794898272
1023,413086.4874558151
1024,517393.8268620819
1025,543257.456944257
1026,521779.1078078896
1027,519232.76751971245
1028,500143.6161106825
1029,473854.44683671
1030,513035.9256581068
1031,370357.345741272
1032,563465.5903402567
1033,395823.0960941762
1034,525939.1279730201
1035,511849.34311918914
1036,560163.2274859548
1037,366931.8656760752
1038,872607.07304129
1039,954546.9826433808
1040,487817.1632297188
1041,741385.9346459508
1042,840109.2305037975
1043,439842.728838861
1044,701025.2522284389
1045,599383.8176959008
1046,408942.7670402676
1047,715351.5683464408
1048,485351.36475738883
1049,485351.36475738883
1050,491953.75564973056
1051,476487.7382747531
1052,683605.9285877049
1053,623161.9985856265
1054,461778.36969190836
1055,407036.95875287056
1056,659639.8592450172
1057,423274.7127236128
1058,648550.6191447973
1059,690379.9860600084
1060,453177.9099328965
1061,533647.4297120124
1062,854074.334900558
1063,341957.51773028076
1064,471854.47728931904
1065,844838.3944157511
1066,754027.4303542078
1067,742947.8316078484
1068,541358.9188890755
1069,853903.2298154235
1070,476201.3525596857
1071,392509.61842772365
1072,989054.1886519492
1073,503802.98227608204
1074,713393.1192906201
1075,474701.34055162966
1076,490277.13267210126
1077,746009.8073047847
1078,496232.48407685757
1079,550211.8439457268
1080,794229.8547140658
1081,832178.7618777305
1082,452037.80979292095
1083,619505.2996938974
1084,527349.9734628797
1085,459371.6365763545
1086,959488.6279673874
1087,396608.971778214
1088,622856.4105772674
1089,541328.5574198961
1090,392507.9661028981
1091,747576.2601158321
1092,441382.9383883476
1093,499227.06342838705
1094,698010.1529301703
1095,477590.1284034401
1096,490326.52046355605
1097,474651.49893425405
1098,486119.1478976011
1099,827974.1718784422
1100,392035.75042141974
1101,707470.8246902674
1102,541873.5310921073
1103,392507.346481055
1104,341969.9101666808
1105,392509.4118871391
1106,499719.9714406729
1107,448278.3903467506
1108,610891.3191956431
1109,629933.6888418943
1110,798180.9788130671
1111,1005773.4539645463
1112,728217.7013763934
1113,811145.1021861583
1114,786543.1833738089
1115,1028930.0267463773
1116,799173.6482263952
1117,588075.4177647233
1118,726799.043145746
1119,602539.6623931527
1120,1314462.4823468626
1121,866831.4731094241
1122,444218.08858813345
1123,484595.49518050253
1124,978924.3758998066
1125,754019.705842182
1126,858854.5599329174
1127,1220217.8219529688
1128,922582.8230607808
1129,792871.9814051837
1130,1187878.3468609005
1131,949607.3977845162
1132,1418305.5368736237
1133,2114404.896472648
1134,1475509.8424273133
1135,939512.0799320191
1136,496431.0747631937
1137,746380.9170398563
1138,1325551.2846378386
1139,768456.4952619374
1140,741359.3887923807
1141,867904.5255838335
1142,906582.4386821091
1143,619743.4949731082
1144,502257.9745205492
1145,1062939.4804529697
1146,1550013.2920073122
1147,1196554.7243016362
1148,1196554.7243016362
1149,642399.3964254111
1150,799691.2173673958
1151,1027067.4616507441
1152,497048.5768214911
1153,550242.0910766125
1154,835542.5570948869
1155,1022408.0652559251
1156,861878.1192991585
1157,901947.0830334723
1158,863244.9962640554
1159,614865.9726819247
1160,482484.09323067963
1161,1030639.137035057
1162,633010.7842414975
1163,1185584.3351469934
1164,765460.2307703793
1165,870241.3619782627
1166,1435661.7559390813
1167,1156739.550119251
1168,1462119.588331312
1169,524014.4520036876
1170,524014.4520036876
1171,1128637.5676300526
1172,964698.6245502979
1173,803687.944944948
1174,808006.3342140764
1175,924518.7282100022
1176,1556856.6423224509
1177,363167.3202291876
1178,816845.7545498908
1179,810135.0725376606
1180,1154650.7471258491
1181,1556453.2719081938
1182,1126010.1741212755
1183,1413554.3881802857
1184,2055823.1690178812
1185,895856.4983760417
1186,776559.2881286889
1187,1424484.5172580183
1188,1598703.5824794322
1189,1259874.674630791
1190,127281.48232702911
1191,176385.31812782586
1192,28467.40701942146
1193,32708.44578437507
1194,28022.132172599435
1195,215872.8881215006
1196,306666.47327677906
1197,432475.6370091289
1198,427157.4271853715
1199,570889.0883712173
1200,18025.843868240714
1201,205204.14352925122
1202,356352.1398239136
1203,60783.582785874605
1204,550896.5910491049
1205,543312.3405747116
1206,19150.447362229228
1207,227489.6918347776
1208,248251.5771343559
1209,356332.2609567046
1210,300487.4017507732
1211,69266.31865172088
1212,132191.12043218315
1213,583831.7070321292
1214,172691.7920062691
1215,436258.9220543951
1216,428235.860779047
1217,270155.2943108976
1218,365772.7968363613
1219,192492.44509713352
1220,217846.29782657325
1221,442143.9705505222
1222,239864.12693238258
1223,1226648.3803035915
1224,616693.0310445428
1225,274936.99961411953
1226,102264.15767411888
1227,325475.2147152871
1228,549650.5232922435
1229,136896.50211393833
1230,430143.91277366877
1231,273769.0026860833
1232,101882.11107547581
1233,112371.14183965325
1234,264597.4345255494
1235,599229.5170817226
1236,551033.8361032903
1237,240523.54880143702
1238,220796.72649626434
1239,508668.09382255375
1240,746478.8379210383
1241,177462.5772304982
1242,326114.6693575233
1243,214295.85893897712
1244,486090.07639575005
1245,415950.7877340168
1246,124989.21705034375
1247,309877.23071718216
1248,125972.41780014336
1249,374418.39400331676
1250,52003.9549600333
1251,275547.18038512766
1252,539220.5485363007
1253,170695.4498336166
1254,328924.7601032406
1255,348197.559860304
1256,154078.10002984107
1257,308704.77015537024
1258,338150.58515547216
1259,388133.32808046043
1260,245277.14012348652
1261,375292.60537980497
1262,244152.63653977215
1263,389827.4061050564
1264,393368.3042562902
1265,258861.86538347602
1266,262144.23396350443
1267,269221.5684532374
1268,190648.05348160863
1269,137614.76069897413
1270,564495.9704670608
1271,366458.5574940145
1272,268484.85248085856
1273,602572.4973071814
1274,133507.14432817698
1275,475075.55014544725
1276,244902.59693463147
1277,322603.70577691495
1278,1024476.9379600734
1279,1026159.254178226
1280,277488.225710243
1281,385202.4213464707
1282,161206.1737240106
1283,449927.2763456255
1284,391977.66139933467
1285,308020.13523346186
1286,265977.93355183303
1287,396679.1883945018
1288,221496.4490110129
1289,196755.54817198217
1290,258829.08019967377
1291,602017.9083181322
1292,309408.22919119895
1293,166634.39741645753
1294,388659.6446367055
1295,341479.6531726569
1296,268728.0712091625
1297,217808.75050121546
1298,163645.78216519952
1299,315665.48706431687
1300,178272.32026931643
1301,398630.29510720074
1302,241848.09788180888
1303,426160.2866232097
1304,570509.1107496917
1305,918784.6700758636
1306,1625988.1007241607
1307,1323463.0522098988
1308,970991.7406742573
1309,776894.4132960588
1310,645609.2516814917
1311,973549.1707371622
1312,867352.4089345783
1313,778347.9999170899
1314,1080041.1460893005
1315,735107.8374954164
1316,889270.1586084515
1317,779086.5415935665
1318,863869.7980849594
1319,649765.1874829829
1320,692453.9023247063
1321,1239914.2476686835
1322,976438.0122070014
1323,628528.961442709
1324,697247.7496878803
1325,710054.6311116815
1326,961919.5223429203
1327,1283605.8711507618
1328,733855.1147232652
1329,1135169.0235150307
1330,670853.7475170791
1331,695934.9176400602
1332,695493.3962027133
1333,1300886.3806004375
1334,1154277.635813728
1335,528509.4786590487
1336,482774.81694844365
1337,1340081.1783035696
1338,813489.3087929636
1339,692465.7707741559
1340,601443.7253829092
1341,677230.7356352508
1342,544902.1169624329
1343,379096.9993365556
1344,942413.3028407544
1345,342562.75763756037
1346,641436.3500605524
1347,672307.2752680928
1348,718695.2726583481
1349,1815838.8027654588
1350,493627.32386121154
1351,867149.6854813546
1352,748765.4275075048
1353,733179.4008038044
1354,890097.0815203488
1355,1248169.7491106838
1356,797294.6882801354
1357,700058.5306064934
1358,579975.1915700436
1359,388334.144000262
1360,668569.4777974337
1361,1239420.6304006428
1362,329702.5252042562
1363,424090.48811608553
1364,782804.6340765506
1365,543228.9460291862
1366,800752.393221721
1367,329720.46235366166
1368,615342.9171361625
1369,458935.2321206182
1370,179384.8058141023
1371,475077.198528111
1372,475077.198528111
1373,275984.5507467389
1374,458582.77989551425
1375,327288.60161073506
1376,458465.88577121496
1377,198245.36380556226
1378,456394.2810714245
1379,377525.574565202
1380,508146.0339061022
1381,453401.81977696717
1382,393921.5713688731
1383,241873.03325589
1384,296296.0289247781
1385,361219.54464396834
1386,467942.4120274782
1387,325592.12953543663
1388,160430.43966703117
1389,392866.7199422419
1390,297373.4138826281
1391,222933.82246774435
1392,329711.2370995432
1393,295674.05388116837
1394,294589.96618404984
1395,350048.9878527671
1396,414924.1913943887
1397,403583.93543185294
1398,322663.7370711267
1399,699024.8532473445
1400,514553.9754240364
1401,385001.9010103792
1402,349536.9885535687
1403,388039.44187778234
1404,224417.87645231187
1405,434307.9672611356
1406,239391.72617065907
1407,564310.7335804552
1408,384544.51359288394
1409,200475.10584937036
1410,324259.809646219
1411,360006.05021472275
1412,249158.26969859004
1413,222790.65156184137
1414,532813.3945294768
1415,243891.51662513614
1416,480438.3444980979
1417,667808.9379824698
1418,488279.5360956043
1419,246115.74612608552
1420,721102.6977146715
1421,545635.553126499
1422,621141.8875258416
1423,212882.71913594007
1424,295762.1221809387
1425,314285.10777401924
1426,679324.2074187249
1427,214895.5994593501
1428,639751.5652920902
1429,280773.61134669185
1430,280773.61134669185
1431,361270.4477145523
1432,360082.4544187337
1433,360107.03275091946
1434,255701.37112997472
1435,320392.89540581405
1436,235622.88553601503
1437,749499.5487080067
1438,532864.7848096341
1439,237733.9819533229
1440,192021.1156180352
1441,532828.5255415887
1442,429705.04999677837
1443,628336.7830493152
1444,336089.5123189986
1445,229529.4432170391
1446,-18651.554342091084
1447,1526660.2405243218
1448,223749.9435262382
1449,252650.2457125932
1450,100880.03166016936
1451,155476.1436793506
1452,513347.4736966193
1453,144914.00903752446
1454,522613.72192268074
1455,125131.32108175755
1456,1360303.882202804
1457,174048.76666778326
1458,316708.2394940853
1459,274687.7432355881
1460,293014.21535515785
1461,162748.76970981061
1462,215324.3728968054
1463,421932.8285609931
1464,953326.891539976
1465,23473.42888313532
1466,220683.16654880345
1467,158217.862592265
1468,315105.55813997984
1469,165917.80731794238
1470,135548.40963678062
1471,255700.09677778184
1472,986104.0831782669
1473,319573.8960431963
1474,491857.5057051331
1475,133380.2911002338
1476,212360.54968446493
1477,455349.6170056164
1478,170996.6284954995
1479,263826.70420897007
1480,403674.10425797105
1481,245184.09429578483
1482,185666.89658521116
1483,246788.9453444779
1484,464536.7078522891
1485,150553.48683275282
1486,220247.46694543958
1487,1485556.0844790488
1488,339879.47810293734
1489,433282.76944582164
1490,527484.7409861684
1491,470545.38205358386
1492,437373.379476279
1493,562422.9808122516
1494,358660.45911322534
1495,519143.8030384779
1496,358543.92308728397
1497,469704.28318426013
1498,230134.6823722571
1499,417194.9385997206
1500,417230.43794484437
1501,243481.4991878718
1502,521032.33817104995
1503,417161.93799234927
1504,359662.29578728974
1505,455826.9123708606
1506,478865.48565910757
1507,878890.8631324619
1508,374922.15697066486
1509,330981.16868783534
1510,589570.7274807096
1511,640581.8096769452
1512,834139.0566016287
1513,384246.53637738526
1514,642863.70111835
1515,558834.3839475363
1516,494824.1975046843
1517,619737.804443106
1518,764145.5142067075
1519,324309.89227981865
1520,333972.6074966639
1521,384607.45065289736
1522,879980.6476239264
1523,873350.4491321594
1524,664097.7341207415
1525,279631.92392495275
1526,588305.1430318654
1527,337427.0568693727
1528,389324.15904326737
1529,554903.3787108362
1530,637295.5863277912
1531,757410.2171176523
1532,546496.7219898999
1533,768903.8160690367
1534,422205.22787873447
1535,1038662.2021807432
1536,408526.0464465618
1537,812007.877314195
1538,425533.77125123143
1539,452486.11513110995
1540,594276.1524723023
1541,446100.93817809224
1542,650344.0181903541
1543,374931.8391354084
1544,893334.9416239411
1545,922158.1980877519
1546,880103.9375116378
1547,792519.665846765
1548,660192.3858107328
1549,647396.6771327108
1550,467211.7434257716
1551,518274.58344872296
1552,796169.268660456
1553,984236.0913287252
1554,885878.2682646066
1555,1374500.3427974284
1556,508510.1825772226
1557,579831.6189440042
1558,425168.5370789021
1559,447358.212159425
1560,730707.466943562
1561,591220.2068790793
1562,612983.375232935
1563,851297.4245661348
1564,1006095.2585024536
1565,772184.8429975808
1566,792051.5449905843
1567,316452.96848359704
1568,1186790.491674021
1569,877006.5839677155
1570,734435.301283434
1571,830060.0538655818
1572,637100.4416216314
1573,851660.4398492426
1574,389868.9100242704
1575,670574.8653956652
1576,619129.4994076341
1577,982206.423993215
1578,281771.37366710603
1579,384122.77092702687
1580,469237.26409469545
1581,927118.5850524902
1582,884999.8200172186
1583,384935.9156807214
1584,462140.0772089362
1585,605001.740192771
1586,626220.7388798743
1587,630936.7458444685
1588,867472.5627309531
1589,384045.73304745555
1590,413898.46681272984
1591,1017241.1961589754
1592,856636.663862139
1593,1010737.4997367412
1594,618601.5206136405
1595,589396.7701293528
1596,516112.26816381514
1597,1017384.3596215397
1598,808331.6290018857
1599,1222083.2689559907
1600,988651.3744517118
1601,338100.23721045256
1602,433512.0494930446
1603,674249.5267746747
1604,377436.0767054409
1605,385393.3345231265
1606,807470.3122916967
1607,302636.9148392379
1608,451313.25943894684
1609,398222.6234692186
1610,477153.92997276783
1611,215350.62489311397
1612,590257.7560370862
1613,728656.4248831123
1614,1830957.808467701
1615,450007.72527115047
1616,386883.03099638224
1617,173304.81184141338
1618,287758.7148281634
1619,338494.0919370055
1620,791027.7411272675
1621,546497.4422529787
1622,898507.520285964
1623,501643.8149923235
1624,879788.5181836039
1625,828574.506515339
1626,396810.7906782925
1627,488107.820404619
1628,749015.6199509203
1629,573291.3386433274
1630,583877.748889178
1631,340270.7407889366
1632,585724.8583854884
1633,461770.13891646266
1634,837882.8619534969
1635,548766.6254428923
1636,307788.71127949655
1637,388415.899316296
1638,1283380.396116048
1639,799412.9559588283
1640,757118.1122329235
1641,573384.6910686642
1642,235260.39494028687
1643,462861.72492575645
1644,359153.6508373469
1645,190098.9725855738
1646,212206.82604832947
1647,1146266.3263639063
1648,399401.4198079854
1649,644095.1214421242
1650,781879.9012982845
1651,557150.1016367674
1652,790831.5231876373
1653,730384.4342639744
1654,469631.61637973785
1655,387606.8408612013
1656,951144.2284771949
1657,567188.3622284085
1658,838692.1962268054
1659,494381.4318809062
1660,795729.5342426896
1661,684518.4207086414
1662,570198.4555629492
1663,141802.25244800746
1664,560077.5209549814
1665,267575.0995372534
1666,904697.9684447497
1667,558689.8965739906
1668,416541.6976237744
1669,1055740.2728151828
1670,377501.99645884335
1671,382130.9130990952
1672,535549.0605718344
1673,571363.1534813195
1674,569458.6069917083
1675,1084052.000671804
1676,771968.6930173784
1677,979542.9315605611
1678,586561.8509197682
1679,375925.3435175717
1680,620497.5920630097
1681,617962.9913294464
1682,778430.439820379
1683,473381.2936318517
1684,361915.02294270694
1685,224241.4745851606
1686,451818.00524814427
1687,687662.5956246406
1688,317089.5231896043
1689,1155463.8828776032
1690,836695.3858425766
1691,567417.3979282975
1692,928956.2537542135
1693,288716.23524688184
1694,534434.3973092288
1695,577947.2832955271
1696,888734.4352180809
1697,651294.6283177733
1698,659616.6858844757
1699,289073.15703976154
1700,367892.8619786352
1701,740951.2061684579
1702,402531.6599096656
1703,566782.2663491219
1704,503858.3094122112
1705,277001.9831520468
1706,561384.5222944915
1707,345391.34064538777
1708,202357.23364757
1709,448323.8853726387
1710,294465.2471333444
1711,1289554.0123280436
1712,2022159.9071790427
1713,253536.70885683596
1714,559897.3335989267
1715,595242.632277295
1716,1076688.4157579243
1717,210986.30091404915
1718,591574.4557378143
1719,276531.5233350843
1720,612775.3242176622
1721,591659.7541018426
1722,481348.6934375018
1723,481348.6934375018
1724,276512.34694202244
1725,510466.54155379534
1726,1349880.0539685488
1727,238777.99063788354
1728,522766.7332184911
1729,402724.1970349103
1730,551699.3730227798
1731,496378.7265805602
1732,658443.4997695535
1733,1162943.958356753
1734,1082788.8014451861
1735,365747.63651275635
1736,563476.0118070096
1737,796621.8958449364
1738,290471.63082422316
1739,1674847.5543829203
1740,577418.2214455009
1741,367901.4439828545
1742,290141.7498816103
1743,448355.34331159294
1744,497954.2101317048
1745,507725.1732144207
1746,939575.1534890085
1747,510997.24078054726
1748,240400.36546516418
1749,275966.58723187447
1750,294212.23742185533
1751,798139.4134540856
1752,1030077.6307914406
1753,595285.9750439525
1754,561089.0684799403
1755,695742.5053129494
1756,1268753.408762008
1757,259046.22230310738
1758,407054.58637060225
1759,365747.4299721718
1760,764100.0579085648
1761,295633.6902593523
1762,259046.22230310738
1763,289441.3544329852
1764,210799.8432725519
1765,527137.6163939089
1766,406288.54129575193
1767,275966.58723187447
1768,553590.1331526637
1769,245718.58286753297
1770,343436.7970033735
1771,631378.9411244541
1772,907749.7661895454
1773,368505.88350094855
1774,240575.8048939705
1775,496492.251464352
1776,440684.4774862379
1777,496951.41574402153
1778,202520.38408388197
1779,522529.33159555495
1780,277144.9633193016
1781,592541.6434000432
1782,281333.02373832464
1783,650740.979843542
1784,752885.4467221648
1785,758547.1210234165
1786,239598.77349554002
1787,708508.1269739866
1788,518328.84137405455
1789,1005385.6625326127
1790,345463.62985773385
1791,628157.746203661
1792,1846669.4784070402
1793,268014.66743066907
1794,509925.4695850462
1795,764249.2794706672
1796,403436.6654228568
1797,495139.5149049461
1798,410761.11504279077
1799,293619.83391304314
1800,386898.4059791714
1801,125864.0915529877
1802,162194.3037085533
1803,232087.48956483603
1804,22142.834990650415
1805,380876.4419108778
1806,500872.74852591753
1807,335274.99568249285
1808,531421.0290981829
1809,222913.07901337743
1810,389366.76763115823
1811,182222.70799274743
1812,297444.52686585486
1813,295050.0591239631
1814,279151.54059916735
1815,134420.76380562782
1816,158028.66361624002
1817,363101.6488081813
1818,178742.9993954301
1819,290533.4045987576
1820,536661.3485606313
1821,337960.4220814556
1822,465172.18839789927
1823,387464.15900182724
1824,240635.8701776415
1825,365172.69648221135
1826,394056.8772421181
1827,439062.8085131496
1828,596094.1321474761
1829,456465.1804227382
1830,421281.05020551383
1831,262878.7813728452
1832,491359.1099832952
1833,602550.8014000058
1834,541424.2615020573
1835,519645.7058531195
1836,171741.47958649695
1837,459728.01677423716
1838,426572.7636465281
1839,134099.0379487872
1840,160223.3058193773
1841,414683.4131232053
1842,388662.46799094975
1843,497388.86856020987
1844,406450.2568423748
1845,686249.7028046846
1846,611459.5588572174
1847,440015.3004234284
1848,447941.90230719745
1849,496420.22252625227
1850,319194.35854145885
1851,409163.73373550177
1852,616252.0297898054
1853,1416645.782800749
1854,1568579.277773872
1855,1557432.292841345
1856,1051334.117423147
1857,1573775.3839656562
1858,994819.4939409345
1859,1080592.0453933477
1860,1178772.9188030213
1861,1346207.8649168909
1862,1651423.354401797
1863,1098283.8332817554
1864,934140.8606137335
1865,1527762.1408140957
1866,1958809.0154976547
1867,1608815.2906824946
1868,1005344.4860729128
1869,1409270.1030923724
1870,1342306.291275233
1871,1792954.1430846006
1872,1186234.834231779
1873,1466047.8447385281
1874,1066447.888367176
1875,1420060.9086367488
1876,1042302.0606503934
1877,1057495.1955164373
1878,1178349.4628873616
1879,1289505.970751837
1880,1247963.237185657
1881,1753321.5273546576
1882,1111767.450678274
1883,1253670.9669082612
1884,1487233.9979476929
1885,1677540.3937422037
1886,1658251.5947963297
1887,1974940.6405356526
1888,1835088.6294579357
1889,1542794.8804809898
1890,1595570.4836084098
1891,1461644.5223436654
1892,1802309.8007288128
1893,1619719.851184681
1894,2001229.4695896506
1895,2086496.1163848191
1896,2222653.862566769
1897,1927339.806374967
1898,1503445.076834485
1899,1691795.1931298077
1900,1099147.0759266466
1901,1681167.6626518369
1902,1042252.7673715949
1903,1128600.799611047
1904,1039438.7284133285
1905,1724561.212563768
1906,1099178.057017669
1907,1203921.7545959502
1908,1735836.2821209282
1909,1638444.8260151297
1910,1879435.335995555
1911,1550447.0717443377
1912,1933595.9148344547
1913,1188029.6250216365
1914,1556471.193763554
1915,1801819.9113051891
1916,151150.27789480984
1917,308350.6197049171
1918,118572.1982615143
1919,393630.49693489075
1920,644428.2252007574
1921,237329.17899279296
1922,205314.3163048476
1923,228792.55238959193
1924,260435.8237400204
1925,29018.41905669868
1926,761337.6213926822
1927,383168.22722767293
1928,283576.1703506708
1929,213965.21508820355
1930,57209.784564971924
1931,316609.093653664
1932,151770.25108206272
1933,494227.63857506216
1934,259988.33063067496
1935,329760.9266580492
1936,441035.4068610221
1937,87086.97132652998
1938,401352.03915835917
1939,154901.3717033267
1940,72054.65006524324
1941,190639.33488479257
1942,297648.36286501586
1943,244987.35011194646
1944,107717.1397921741
1945,227718.2777134329
1946,61251.32979628444
1947,244465.52851982415
1948,291268.1797145009
1949,82175.11832225323
1950,468357.2322296202
1951,540938.8960319906
1952,581947.2040334195
1953,503147.1010430008
1954,174923.64497685432
1955,-20929.316074222326
1956,745826.4811815172
1957,136309.20315372944
1958,90232.48034755886
1959,197570.15915621817
1960,251294.21836301684
1961,180616.38898006082
1962,55625.66650505364
1963,-36003.929036810994
1964,451939.2430050969
1965,146128.4948504418
1966,198860.70140776038
1967,-23874.61726999283
1968,197368.96358321607
1969,817418.2385320365
1970,687280.600145638
1971,356468.79490947723
1972,421393.2708606869
1973,525154.5616403818
1974,403865.5351025462
1975,545123.7916815579
1976,432692.20210021734
1977,890153.859408766
1978,501808.85216766596
1979,545240.6274952292
1980,309674.68599407375
1981,377345.814978987
1982,535269.4014843106
1983,409728.37891590595
1984,630674.9048351645
1985,721165.9818138778
1986,331652.2862666398
1987,555823.6388786435
1988,103375.01559945941
1989,274527.727357015
1990,512662.81703954935
1991,503963.1368261725
1992,446835.779272154
1993,390985.8692277521
1994,358561.25650668144
1995,534513.3973777145
1996,947049.3817482889
1997,516651.28781338036
1998,525584.7388874739
1999,418109.52020838857
2000,530202.9204270542
2001,353134.8953447342
2002,233294.2502810657
2003,721497.0742488503
2004,218458.80446119606
2005,653759.5211955011
2006,364544.7598733902
2007,657813.4873923212
2008,411551.2635471821
2009,381973.1723026335
2010,498937.2170755267
2011,387878.8512403965
2012,337575.156110391
2013,455157.63497404754
2014,576334.2918626517
2015,133895.00868716836
2016,392607.03625676036
2017,777662.5667659342
2018,498825.3710805923
2019,533442.9838364571
2020,182064.8904749155
2021,424066.57824100554
2022,329011.2960922867
2023,957031.3123989254
2024,606508.4065645188
2025,350596.76313847303
2026,928908.8700904995
2027,631642.5387987643
2028,857051.9344250113
2029,775396.8115773201
2030,753462.2484207898
2031,883666.8708752245
2032,733625.3200620711
2033,405029.46480602026
2034,404007.3510877937
2035,612497.3408662677
2036,922955.7800878286
2037,855473.4958247095
2038,328200.92871040106
2039,586791.7657791972
2040,428765.7138400525
2041,349414.3984310925
2042,659206.1938416958
2043,658600.2177082449
2044,714378.5274782032
2045,300944.84457981586
2046,849533.4167594761
2047,464635.58416597545
2048,461500.63569267094
2049,649135.2980797142
2050,649135.2980797142
2051,466648.4880335182
2052,669705.7018828988
2053,602383.6663527936
2054,349391.73361343145
2055,656261.6062763482
2056,521958.94895379245
2057,541950.7589389682
2058,331726.5420883596
2059,679248.6887547821
2060,449676.0107252747
2061,349400.3963006288
2062,818397.1006944627
2063,431908.86027126014
2064,665092.7020568699
2065,434022.6137941927
2066,646236.0604216307
2067,924828.8007951975
2068,518234.97007003427
2069,714481.6343166679
2070,399895.5124196112
2071,833053.6363701671
2072,900209.3269691169
2073,755341.0138532966
2074,348432.942120716
2075,923854.1349342316
2076,921965.2553555816
2077,1565789.4142662287
2078,276345.9515033066
2079,565701.4778644145
2080,431833.36397592723
2081,349482.38068030775
2082,643342.4203469604
2083,550892.7581546754
2084,462895.2438964546
2085,533426.471972853
2086,715639.3471177369
2087,754512.2816443741
2088,427019.1146969348
2089,408973.8476892561
2090,318781.8933403194
2091,359227.07184027135
2092,947192.6027382314
2093,472687.8199198544
2094,559818.3193607479
2095,317097.13755369186
2096,503716.1486847997
2097,309650.89124168456
2098,355476.29132314026
2099,861116.9657048285
2100,428750.37004837394
2101,465945.07139897346
2102,726869.251851961
2103,719876.7368459255
2104,331506.56374020875
2105,856813.4633976072
2106,334682.0762038678
2107,328352.78663791716
2108,682105.7101620287
2109,634104.603863582
2110,634104.603863582
2111,465495.91790269315
2112,426558.0313655734
2113,458403.3903321326
2114,274330.6636772305
2115,265620.77068416774
2116,293757.0350034982
2117,272479.91001817584
2118,186803.2175567448
2119,122686.23362998664
2120,387371.0635537058
2121,562288.5573019236
2122,243995.43597576022
2123,236480.65179429948
2124,190685.1944231093
2125,280631.85731105506
2126,302932.09720146656
2127,254082.3774408996
2128,597350.9023104608
2129,469179.0270524323
2130,1032095.2947912812
2131,273696.5366551876
2132,432739.452719152
2133,91572.30491910875
2134,436816.1359052956
2135,157642.24974378943
2136,458970.0658250004
2137,224176.48681785166
2138,285347.76947146654
2139,196121.23511366546
2140,307656.49902917445
2141,417374.7937553823
2142,290593.20845741034
2143,445337.7830713093
2144,608965.9632226825
2145,201614.5233130455
2146,869533.4103461653
2147,204705.78772045672
2148,524738.3081700653
2149,243977.09031760693
2150,731642.6573388278
2151,403304.4185256958
2152,104145.22992229462
2153,264440.4611196369
2154,333373.6459748298
2155,202563.47438573837
2156,252456.7126082629
2157,619420.686114952
2158,194156.17300234735
2159,309281.6697605401
2160,351724.6356763989
2161,659663.0415514708
2162,367978.04580657184
2163,645798.1561543047
2164,331667.63627777994
2165,437856.40453752875
2166,95072.14030729234
2167,286035.8622124195
2168,490151.9497037977
2169,424812.0275451094
2170,359118.9082918912
2171,449095.57748803496
2172,616988.0607089102
2173,353097.71449527144
2174,448251.19507077336
2175,659429.4683907926
2176,546219.9944197983
2177,430110.48619763553
2178,372094.214183107
2179,380967.07688584924
2180,449331.6863463819
2181,363917.9658590704
2182,473215.62994776666
2183,263271.68919700384
2184,337077.9745628238
2185,359196.9175244272
2186,293912.55115027726
2187,369245.7164603472
2188,300324.5300549418
2189,332473.5613299906
2190,435880.018898353
2191,300617.56949450076
2192,143702.65008302033
2193,359118.9082918912
2194,507189.4330520928
2195,427093.4490252584
2196,205935.2746053487
2197,355856.2111874819
2198,409748.93424010277
2199,317268.4555951208
2200,407645.0342051536
2201,425126.6399728805
2202,162833.8063223511
2203,308173.5773358792
2204,340669.33337803185
2205,391149.8952168673
2206,456933.6558944285
2207,351254.4593361318
2208,425045.09959697723
2209,296286.11080650985
2210,435880.018898353
2211,163350.55815181136
2212,370442.4520319551
2213,381669.50006349385
2214,451079.8585356474
2215,51256.51858833432
2216,424870.9604330957
2217,210975.64650791883
2218,314375.90513913333
2219,549656.1897536963
2220,549893.6949899346
2221,171100.5398645252
2222,455708.2300583571
2223,336312.10764811933
2224,213038.7029811889
2225,601631.1809781045
2226,307776.2826463133
2227,549088.7593444139
2228,277554.9347458929
2229,536418.88898094
2230,230237.0105870813
2231,329009.6790139824
2232,669308.8802807778
2233,331501.7140237093
2234,369298.3205483109
2235,557451.2615951002
2236,425586.14307770133
2237,460681.9665983021
2238,361787.19715435803
2239,87158.44746054709
2240,221126.2370045781
2241,2222283.6491691023
2242,200012.01391379535
2243,648243.0658361167
2244,280443.077428028
2245,84814.2233273685
2246,512538.3653791547
2247,358885.7561060935
2248,344293.02580569685
2249,544431.3582667857
2250,203916.8517268151
2251,351656.21155177057
2252,548801.8423388302
2253,417855.6828881204
2254,442360.13542710245
2255,1365773.7923061103
2256,134486.83024004102
2257,380870.6922853589
2258,308985.8416611403
2259,308985.8416611403
2260,709121.3760522604
2261,78925.43847225606
2262,218216.236988917
2263,692131.8987334967
2264,489061.18241780996
2265,1327122.1892656684
2266,308906.8315433115
2267,286113.09089909494
2268,913458.6042666435
2269,310363.1237089187
2270,517525.5619456172
2271,677596.8381380886
2272,554916.3299000412
2273,306499.0286896974
2274,683629.6726298332
2275,757340.4101596773
2276,598063.7047696412
2277,1099214.4606283754
2278,919235.2432160228
2279,620408.665481016
2280,373263.7920215577
2281,580892.0597634315
2282,626930.7626288533
2283,903043.0142811686
2284,370996.43330693245
2285,590251.0231357664
2286,557004.4898829907
2287,572868.5523082465
2288,359819.2230793536
2289,527697.2291572839
2290,496444.61345109344
2291,635358.593337968
2292,555100.2425528616
2293,947071.9914248586
2294,753198.8071638346
2295,487355.65851305425
2296,722258.1080990136
2297,726043.1934372485
2298,759469.1651897132
2299,613701.6376370937
2300,539357.4510221332
2301,1762172.2831778824
2302,636708.1958952993
2303,595020.6745230556
2304,672169.2998583764
2305,600491.4805609435
2306,771647.6078329235
2307,430165.33489073813
2308,593324.5106994659
2309,541207.975345239
2310,549182.2433391064
2311,844118.3561867028
2312,473103.15176026523
2313,536715.5298751891
2314,486608.06873326004
2315,502015.77413007617
2316,728502.8709639609
2317,1062328.935548395
2318,872126.2618544996
2319,783695.0855738223
2320,934250.619034633
2321,695600.385087505
2322,860244.8514616787
2323,987340.5538373739
2324,920193.6030689776
2325,719863.0467420816
2326,906718.8257491142
2327,753082.0969644189
2328,925937.6665351391
2329,819341.1605508178
2330,796564.8876576424
2331,627742.1327416003
2332,856924.9656917155
2333,730069.169399634
2334,1214456.683244586
2335,887739.6121345907
2336,617947.0576036274
2337,861412.9087729603
2338,878447.4456320703
2339,1051547.1105771512
2340,828322.7246953249
2341,622960.9731251746
2342,960995.0585664958
2343,584109.4905456901
2344,788557.9898718
2345,889131.7512221187
2346,690404.1120781153
2347,715501.0252454579
2348,831356.287401408
2349,443223.5096530169
2350,955824.069295615
2351,755674.0516728908
2352,1021560.9287409186
2353,810005.3333482295
2354,880378.2841793597
2355,848566.5858017057
2356,894843.9699120075
2357,1002014.6393293589
2358,615568.3547531366
2359,620115.1502501816
2360,322668.60684737563
2361,1055354.2248774022
2362,660907.0604580939
2363,919634.0333772004
2364,633914.1660407037
2365,763561.9350839704
2366,745325.8622812182
2367,972572.8368669003
2368,916678.2844292372
2369,819338.9598430842
2370,815184.2610489726
2371,856840.8066027164
2372,732802.0674242973
2373,1000793.5573705286
2374,892243.5878700763
2375,1077881.3788446337
2376,734951.4554124475
2377,926957.1082676351
2378,694989.9609629959
2379,587512.6682034582
2380,703567.6602437496
2381,706606.7550682276
2382,1504895.7085347623
2383,581582.0895582289
2384,1000206.6319221407
2385,656376.0346265733
2386,777002.0094328672
2387,641139.9820105284
2388,649484.4585503489
2389,702839.597767815
2390,2169146.1232073307
2391,1196902.137861982
2392,738308.682032615
2393,1575697.3296562135
2394,757899.2265507728
2395,1304385.8135696948
2396,679869.5707220137
2397,1052415.5125254095
2398,761669.8098317683
2399,1137197.9061451554
2400,868817.2626245022
2401,708657.8370613754
2402,599163.482605502
2403,646338.8394484371
2404,634684.4677553624
2405,579228.8477077484
2406,1321222.738487482
2407,675513.6337590516
2408,579176.5415739119
2409,522334.95996657014
2410,1274688.750886336
2411,579190.760992378
2412,727514.6634318233
2413,606508.1328984052
2414,635173.5450045913
2415,1033777.5804880708
2416,731682.3741911054
2417,1126915.6561074406
2418,696327.5959769189
2419,897507.8656304926
2420,824239.0165517181
2421,499068.01022307575
2422,1056937.7686869055
2423,1781099.726071164
2424,667152.0507090539
2425,792975.1907729208
2426,874701.5038438886
2427,639263.1352177411
2428,868808.3227135092
2429,662920.4007081538
2430,1273896.8064768463
2431,662495.6210083514
2432,1068279.2639207095
2433,835613.2467159629
2434,1141408.4280035198
2435,1007085.4708185196
2436,740619.1080177873
2437,769057.8539857268
2438,571502.8308732212
2439,586989.5892100632
2440,1124551.1472328454
2441,575117.225504756
2442,656972.1887198985
2443,722637.2688593566
2444,601537.8369073123
2445,637692.0799676329
2446,719265.2623775601
2447,766813.8494400382
2448,730999.7877718508
2449,689175.588874355
2450,769034.9598617554
2451,1384134.956810832
2452,774753.6081945896
2453,567004.8970864117
2454,658000.1231949925
2455,901948.4384998232
2456,172474.96521866322
2457,205574.71973268688
2458,1468847.5463648885
2459,211675.6539786458
2460,197427.11639907956
2461,14622.688655033708
2462,302112.9468379915
2463,443327.7330107838
2464,195442.22460757196
2465,597399.8806211948
2466,183747.2138518393
2467,19241.27669173479
2468,62451.026683837175
2469,429939.9615754932
2470,106118.11664818227
2471,973552.5976887345
2472,1492367.3769028187
2473,232463.21488417685
2474,47822.80463787913
2475,268284.0291223526
2476,293815.80940051377
2477,624375.8529224247
2478,238945.8773741573
2479,145979.89662986994
2480,208615.0566061288
2481,302197.86737662554
2482,24268.775008380413
2483,349567.69783452153
2484,265211.78879731894
2485,167209.89134128392
2486,144533.54662153125
2487,172463.9815853238
2488,417148.72291605175
2489,160857.54183010757
2490,764952.3303810358
2491,100526.51269516349
2492,232981.95083858073
2493,473406.28769536316
2494,344821.95953527093
2495,984511.0586205721
2496,676215.4495888501
2497,252429.13917683065
2498,472716.3489225656
2499,466453.3382316083
2500,345364.64297889173
2501,840648.2907409668
2502,311332.3089528382
2503,535559.6577659994
2504,406661.35328507423
2505,317093.23584228754
2506,484312.4383328259
2507,390256.15327851474
2508,277404.5331489742
2509,231983.48103442788
2510,358310.649343431
2511,613151.6652368009
2512,592054.654218033
2513,329395.7085789293
2514,213766.30561608076
2515,147359.59314478934
2516,180379.7567999661
2517,299207.4484973103
2518,1708551.2502453327
2519,698391.6509999037
2520,231197.7159616351
2521,437928.2391514778
2522,309813.34675629437
2523,260467.92650836706
2524,357289.671352461
2525,332269.51870560646
2526,362048.82701036334
2527,286303.0585538745
2528,349600.8581086993
2529,112699.67753103375
2530,135815.7265755087
2531,305306.25469635427
2532,222672.42848196626
2533,419001.6972620636
2534,227097.34859101474
2535,286757.7737929225
2536,216577.78181935847
2537,258432.54358446598
2538,297396.8174453527
2539,467164.93302860856
2540,687273.866094783
2541,413846.57909204066
2542,498033.23459641635
2543,658462.9537138194
2544,499954.54063792527
2545,165200.5109191984
2546,156231.2005727589
2547,574958.8762046248
2548,142051.88983559608
2549,77815.01064056158
2550,124848.25701059401
2551,241893.47755749524
2552,94601.90947206318
2553,377582.10338547826
2554,167801.4150263369
2555,180875.97448711097
2556,316599.3674558252
2557,80058.9265473783
2558,179823.62450370193
2559,251798.62465320528
2560,157905.55772957206
2561,148351.04082618654
2562,195704.60382078588
2563,309808.84022554755
2564,200043.01475177705
2565,298752.191349417
2566,444341.27630385756
2567,469585.6743888855
2568,704150.7535377443
2569,575881.4696932286
2570,286743.149967283
2571,342314.38526159525
2572,299964.0555815995
2573,632910.7273951471
2574,903863.429116115
2575,570083.9985528737
2576,272603.3044848889
2577,616892.525756374
2578,757158.1449020058
2579,460136.7392589748
2580,549991.9005496055
2581,335051.4246364683
2582,528130.5161477178
2583,451351.55521182716
2584,642730.601313889
2585,722995.5630237609
2586,1158688.0711756647
2587,442232.39414972067
2588,368547.59696663916
2589,748470.5826369673
2590,647006.6766544431
2591,972134.0300999731
2592,759331.3555293679
2593,612271.0710398257
2594,369465.40710388124
2595,971662.9608717114
2596,474771.8629553169
2597,766111.5370187163
2598,261690.10103048384
2599,423746.9135674685
2600,418912.45075540245
2601,462590.57845559716
2602,418494.405140236
2603,353103.3661392629
2604,362063.1260552108
2605,400336.8100441396
2606,413115.86278922856
2607,376321.8405729681
2608,349867.8657872379
2609,262383.8895869702
2610,343999.96087569
2611,335654.5049035698
2612,725111.8457506299
2613,246392.5619005561
2614,262565.72620636225
2615,286616.6216148734
2616,274269.77745498717
2617,412632.9786731601
2618,376298.53336778283
2619,419618.9965657443
2620,436064.754656598
2621,376399.499841094
2622,708646.9916513413
2623,418912.45075540245
2624,384813.81086435914
2625,691349.9640586376
2626,840199.1436263621
2627,669324.1494929641
2628,503795.7341788113
2629,353928.3815655261
2630,376324.3190602511
2631,274211.1584456414
2632,888084.9656762183
2633,270662.19081895053
2634,880782.9653263688
2635,371220.9592708498
2636,499439.5617658347
2637,730760.1716025621
2638,570782.2090361714
2639,434692.01856407523
2640,412538.0733437985
2641,382029.7124540806
2642,236312.0404509008
2643,184682.7568358928
2644,319373.18224929273
2645,497972.97100158036
2646,407832.88978123665
2647,799803.9653557688
2648,256393.40045836568
2649,180412.68555410206
2650,293614.2432484329
2651,1216344.0431186557
2652,325967.9783474356
2653,608227.3398701847
2654,455741.4488161504
2655,381727.3793744296
2656,346019.0468862951
2657,404930.3594124764
2658,258237.48397268355
2659,353769.7524881661
2660,473716.3139908016
2661,402205.2229400724
2662,252742.08012501895
2663,334506.4819651097
2664,477619.47758603096
2665,315089.4244514853
2666,438538.22908583283
2667,426577.2734198421
2668,407539.5963769406
2669,322660.43694010377
2670,322660.43694010377
2671,277134.23900309205
2672,248804.86810354888
2673,295208.3564568013
2674,316745.5003118664
2675,316745.5003118664
2676,296125.7610438168
2677,402663.1555829942
2678,446921.6598659903
2679,496493.3952809721
2680,507898.0010639876
2681,529458.2982835919
2682,251191.96060080826
2683,376525.9024447799
2684,290049.79039894044
2685,275582.8813005388
2686,382912.2748659402
2687,661416.3109560162
2688,487310.8477613777
2689,456160.7962091118
2690,229122.18335783482
2691,293678.1496002227
2692,746916.1590559334
2693,184610.31800559163
2694,421607.3331531435
2695,253866.9142922759
2696,221390.5186327845
2697,365715.02607665956
2698,255655.04084059596
2699,554587.360358119
2700,772166.6127593964
2701,282291.85514855385
2702,477469.9627750367
2703,354234.9816315174
2704,561843.9407771975
2705,754716.8287904859
2706,588011.1879453808
2707,259647.13480246067
2708,221282.53470000625
2709,282265.68289393187
2710,222642.71748559177
2711,498563.77387803793
2712,600078.2622462958
2713,305559.2328360379
2714,242655.9686268419
2715,242655.9686268419
2716,278055.24324297905
2717,479416.54520210624
2718,542696.2364832163
2719,290369.3817669749
2720,319944.02889731526
2721,279630.32771602273
2722,543160.9696125239
2723,292276.5786533952
2724,352053.5804833025
2725,501318.75955602527
2726,525784.8457951397
2727,751825.6309885085
2728,680199.3468050808
2729,751690.3855855167
2730,435807.2148847282
2731,549817.6785829663
2732,440054.3386979699
2733,310348.05100910366
2734,325107.78298696876
2735,511292.9086277634
2736,439725.7026513964
2737,314233.5736017674
2738,431940.76587471366
2739,1095650.5593849868
2740,764572.4665189981
2741,711673.9843982458
2742,633724.9078391939
2743,957954.6550256312
2744,845014.196837768
2745,802786.3146589994
2746,412869.5725930333
2747,204485.76897616684
2748,469346.2671931833
2749,469346.2671931833
2750,777332.8614941984
2751,767466.7813340425
2752,893282.2906934023
2753,464679.2702643573
2754,862097.4311350882
2755,806335.2728688568
2756,763031.9733823836
2757,767633.6574031413
2758,1312453.0819914937
2759,578988.6540485024
2760,1143603.7888025343
2761,755314.9711223692
2762,834993.0183384418
2763,937845.3030529022
2764,1060840.1261846274
2765,408139.2574237138
2766,1039519.3197589368
2767,797066.5623650998
2768,850744.654056266
2769,1028148.6379954815
2770,1387371.7286701202
2771,983734.8676193208
2772,727572.9298728704
2773,924090.7342677861
2774,1046018.7781085074
2775,976405.6898651719
2776,829145.8960562646
2777,688851.683247745
2778,761079.8094486594
2779,1228538.6753158718
2780,998293.1677061468
2781,1088665.2982407808
2782,733880.2018191218
2783,797781.5641047955
2784,907181.1344976723
2785,1483317.7641250938
2786,1032903.8987659216
2787,819198.3965940028
2788,1106611.199995622
2789,682982.2908156663
2790,633192.902001664
2791,754295.5937744081
2792,934940.5034251064
2793,934019.4515804499
2794,914718.8573321998
2795,789620.4585021138
2796,1129765.2384542227
2797,938180.1538591087
2798,743606.0805041194
2799,1020465.0498128235
2800,1185693.7218983471
2801,613773.320879221
2802,477975.4947669804
2803,457652.1037863195
2804,435481.59746825695
2805,371382.61639741063
2806,481919.78841501474
2807,553493.2235095352
2808,263713.27669239044
2809,378614.61450476944
2810,465161.935404703
2811,487754.6418353468
2812,170955.3101516068
2813,359155.5186827034
2814,149852.2799679041
2815,800886.6824863851
2816,797168.0200561583
2817,107385.01852655411
2818,99892.53114949167
2819,516536.6292360872
2820,-56683.76123340428
2821,339683.4607846886
2822,170036.29646086693
2823,98276.81215183437
2824,224936.9104461074
2825,270469.2006832361
2826,309174.2828874141
2827,495611.19839449227
2828,357275.44600874186
2829,159909.54360572994
2830,128555.07756206393
2831,260258.81744129956
2832,546165.583985135
2833,193820.26779408753
2834,803139.2227617651
2835,624290.885087356
2836,383565.8792938143
2837,492462.4233509451
2838,316295.20034503937
2839,438683.35653983057
2840,389308.82684473693
2841,177739.8818295002
2842,379719.13747797906
2843,444481.14093865454
2844,317043.4588750005
2845,533410.1166252047
2846,418639.349314183
2847,415108.91261807084
2848,447443.2610603869
2849,315296.4500578791
2850,354524.7844391018
2851,239324.64461940527
2852,317806.9330570549
2853,182492.77656887472
2854,568102.1553307772
2855,380641.62364423275
2856,328840.28920549154
2857,255472.68993602693
2858,180308.9571595639
2859,419338.5195927173
2860,294957.8410990089
2861,457344.07613530755
2862,237428.61535026133
2863,238740.63451831043
2864,601933.3180425912
2865,422297.98751328886
2866,312746.8615590632
2867,341082.0705244988
2868,181558.73469021916
2869,569889.5538177043
2870,171343.7857877314
2871,587190.7810526192
2872,487449.7762706131
2873,372100.05361135304
2874,391039.4753599018
2875,467736.30458663404
2876,-45728.28180170059
2877,417327.682858184
2878,368607.9148223996
2879,547600.6583724916
2880,424157.603581056
2881,102383.34390574694
2882,545912.6624120921
2883,1065338.8215194643
2884,628225.6764347553
2885,179348.1031975448
2886,170607.4441383183
2887,588798.0584311634
2888,646281.0803040862
2889,196934.75972369313
2890,389050.14661572874
2891,103527.59911204875
2892,286769.61582511663
2893,203378.0755368173
2894,209210.50571630895
2895,-62671.77875673771
2896,203609.55665934086
2897,193563.87729638815
2898,299412.93932287395
2899,301794.8739516586
2900,143971.44651202857
2901,364319.4747502953
2902,437160.7442558557
2903,203280.20955839753
2904,271902.28660543263
2905,345457.7331651747
2906,420499.39788737893
2907,523758.1824734062
2908,186285.0007891357
2909,312918.5678759217
2910,334641.5909473002
2911,235987.80452665687
2912,323649.15199902654
2913,557686.6335383654
2914,443487.1896816045
2915,597309.3080247343
2916,326225.80060210824
2917,278744.7564253509
2918,803281.9031860381
2919,585811.38988024
2920,405668.6737281084
2921,264123.97534765303
2922,554004.3774939775
2923,534877.6252241135
2924,276139.689493075
2925,306910.0908937901
2926,293936.6808860302
2927,263156.29286310077
2928,626936.8077778816
2929,936101.8566778004
2930,559350.6611090451
2931,421394.2111212909
2932,306859.80822888017
2933,577670.123072654
2934,231829.2026014924
2935,268305.3927170634
2936,301319.3820877671
2937,76410.28482532501
2938,946066.894714728
2939,995231.2013434768
2940,-139514.39191555977
2941,393657.19310860336
2942,231757.12131887674
2943,537146.8213193864
2944,904384.629100427
2945,607189.2223193198
2946,1242356.5068705976
2947,557573.4688840061
2948,720132.0581472516
2949,178904.96961183846
2950,453113.3482156992
2951,1185534.8220926374
2952,665187.8802809417
2953,610086.6202043146
2954,1057903.8472966552
2955,666112.9599835575
2956,1000231.0724207908
2957,659649.6925744712
2958,635581.5821266472
2959,875304.9926512241
2960,882038.788380146
2961,620673.367407307
2962,650711.9877993762
2963,887240.6186447442
2964,872862.0805237293
2965,644182.4712975472
2966,825989.1123704165
2967,712954.5328063667
2968,808680.5122673213
2969,604365.977403298
2970,1120707.2328015268
2971,1134564.5021312088
2972,951267.6098300964
2973,595303.0039189905
2974,862444.3009883761
2975,1006843.5056919903
2976,740751.6487700343
2977,808711.5352613032
2978,404302.1720353663
2979,551952.208927244
2980,626313.488942638
2981,655690.3622358739
2982,1294404.4525927305
2983,1022319.9816610664
2984,651088.5730021298
2985,421402.60165786743
2986,662852.1393214464
2987,774633.1886243224
2988,994507.1781477034
2989,765795.2161497176
2990,538892.7273351401
2991,1456124.2422809154
2992,504474.3914988637
2993,784924.7020415962
2994,994569.9100304693
2995,994753.067994982
2996,515189.14620263875
2997,420991.3857383281
2998,904902.5621110648
2999,634798.7674508095
3000,547458.1609190553
3001,473201.96257288754
3002,503445.1521522552
3003,515844.99931794405
3004,612469.5926672816
3005,1375013.855513364
3006,509289.7446680814
3007,496953.03574448824
3008,603755.098203063
3009,645162.3594763577
3010,1048177.9025784582
3011,1019205.2603122443
3012,548450.947531715
3013,473306.26557928324
3014,508718.651606828
3015,347737.19892445207
3016,630421.5430498868
3017,415602.48376369476
3018,807067.5193529725
3019,470766.07746599615
3020,469810.39959535
3021,293379.6318464875
3022,502129.8917981684
3023,867042.1921804696
3024,604931.8054373264
3025,622016.0384385735
3026,601569.181930691
3027,774645.7845115811
3028,506733.6270273775
3029,396070.56750005484
3030,915308.1475552917
3031,610959.7850691229
3032,537348.0210837722
3033,424401.47459222376
3034,420270.24975419044
3035,787967.5669449568
3036,371372.2895767689
3037,401201.85552564263
3038,806212.2547646612
3039,337196.1621288359
3040,523725.40980531275
3041,951534.2974575013
3042,578383.8992051631
3043,712031.827400431
3044,412026.59721820056
3045,741478.8080771416
3046,636745.5794767886
3047,446641.0315513909
3048,990303.2335137427
3049,476110.3466669768
3050,300314.7150053382
3051,657212.4000421613
3052,393619.2618793547
3053,800851.9181639105
3054,709086.5954183489
3055,452420.55688613653
3056,604670.2795297354
3057,670493.4555101097
3058,501771.96846330166
3059,1197999.005873859
3060,951956.1104674935
3061,760837.8388592452
3062,840401.1243204772
3063,1353964.5265349
3064,980182.5920559615
3065,952549.6150281131
3066,752504.6497417539
3067,798364.4147267491
3068,849284.8983134031
3069,1628728.6056376696
3070,496036.6159148663
3071,1024049.5951520205
3072,579076.8394725919
3073,944618.5602809936
3074,751592.8102010041
3075,803633.3013367057
3076,873707.4035321921
3077,1026071.5566771477
3078,710710.6703676432
3079,842883.0916735679
3080,756962.6167850345
3081,879125.2978106141
3082,756142.2426601946
3083,1391935.4020525813
3084,962613.6921634823
3085,404130.39352172613
3086,855068.7485771179
3087,876521.3071364611
3088,711382.4756899476
3089,824959.0178699046
3090,710288.1696834415
3091,750646.8524900377
3092,749996.9446325153
3093,765087.0872655958
3094,934773.0372674912
3095,1175953.9282709956
3096,1162433.5480886847
3097,1189593.7513829917
3098,531990.5434182286
3099,1093199.2420995086
3100,742121.0556431562
3101,1084092.2012363374
3102,869457.320060879
3103,979520.9405054301
3104,890055.4700059593
3105,1749005.4818508476
3106,1088335.877951309
3107,1077160.7272772938
3108,1415435.0915718526
3109,652496.3354578763
3110,715116.6552607864
3111,551830.2868751585
3112,740849.1699831784
3113,740825.0366155654
3114,706265.9533226639
3115,642805.1927488595
3116,745437.0364638567
3117,643854.3950063139
3118,653162.0052969754
3119,720972.3479941189
3120,853900.091596365
3121,695959.0791855454
3122,740123.2094733864
3123,836308.8325617015
3124,684398.1819998473
3125,551835.6569309235
3126,585283.0575767457
3127,502608.4698007107
3128,332642.103059873
3129,500898.4714936465
3130,569037.6655521691
3131,220142.85689124465
3132,619878.1512306929
3133,354567.6166265905
3134,562766.6704486907
3135,346037.9442296326
3136,457076.9734056443
3137,906961.2219067365
3138,620514.4412675947
3139,467170.0453789234
3140,372088.77963636816
3141,333681.6232896
3142,511951.37619540095
3143,600691.3278523237
3144,512492.16797335446
3145,994648.5756350756
3146,307972.70662228763
3147,710507.1737950146
3148,866168.0057718754
3149,681994.5342863947
3150,455795.09952385724
3151,643257.2503495514
3152,783200.6670128107
3153,419454.2629174888
3154,954441.2874161899
3155,527781.4635038823
3156,489794.22658732533
3157,689130.1634415686
3158,914219.7981957942
3159,842813.2741573155
3160,939934.6051045656
3161,748922.735141173
3162,319537.29362630844
3163,803671.3163713366
3164,848683.1109516174
3165,751999.1015351266
3166,888895.2505714148
3167,481960.91753420234
3168,512054.855390504
3169,648784.4373158813
3170,399536.609975487
3171,419791.33306899667
3172,455894.4021605998
3173,666257.2080682665
3174,659084.5143128037
3175,606914.1406909376
3176,376692.2003566325
3177,464444.06080429256
3178,770867.1749285758
3179,492342.7938411534
3180,699573.3072014898
3181,502888.09278810024
3182,403886.96736970544
3183,456553.9459885657
3184,573486.2262216955
3185,623098.7016332
3186,469429.1501137167
3187,519171.42242857814
3188,551177.4152066559
3189,723005.8946432173
3190,394254.15247808397
3191,973542.0492648482
3192,532944.332447499
3193,901236.8475717157
3194,658645.979363054
3195,321177.812746346
3196,428967.7893769145
3197,1027145.1902803779
3198,478449.4317241311
3199,741675.4967487454
3200,563793.0378745943
3201,1108440.0663021058
3202,475692.61353999376
3203,389350.04114562273
3204,468909.7147986442
3205,653780.9953579456
3206,507714.0456312746
3207,362740.12460781634
3208,466201.37888877094
3209,402430.3921866268
3210,1455793.4394663721
3211,486571.8247049302
3212,741859.1293047965
3213,458673.1778536588
3214,907925.7824965566
3215,711553.5050452948
3216,459128.21476621926
3217,944971.4553717375
3218,285064.83365537226
3219,478449.4317241311
3220,793708.8115862757
3221,548661.3445932567
3222,450210.97301484644
3223,547113.0203838795
3224,1008011.6805408001
3225,860785.9121743888
3226,618500.2749425918
3227,366828.522454381
3228,409797.59196043015
3229,547466.5400410146
3230,529485.7216609567
3231,339395.3243981749
3232,630172.7449053526
3233,471131.2043970078
3234,468854.31184343994
3235,362696.56957529485
3236,447734.205518648
3237,347273.1350809932
3238,218202.08210480213
3239,281143.79164385796
3240,625688.5605235249
3241,57424.23071180284
3242,408116.68244192004
3243,798314.5543479174
3244,215107.3166396767
3245,183231.3832783997
3246,249525.4274121523
3247,378568.9913083166
3248,385983.5003864318
3249,443389.25034210086
3250,237233.0559118837
3251,647251.6104335189
3252,415531.2145807594
3253,270632.795970574
3254,486016.6575782299
3255,247640.3888015747
3256,407926.3572550714
3257,871858.3281233907
3258,299866.97649015486
3259,433432.63027086854
3260,521782.5516949892
3261,558260.2672333121
3262,555288.4912278801
3263,495489.5481148064
3264,650776.7773293853
3265,521430.6750074178
3266,1312029.0775104463
3267,1060197.3106975108
3268,1031076.4462354779
3269,525098.2481245399
3270,525098.2481245399
3271,555305.272819221
3272,583703.3535497785
3273,558478.6307822764
3274,557041.3535562903
3275,782998.574115783
3276,482203.4144026637
3277,747314.4064791948
3278,554438.4849093258
3279,556641.6809320748
3280,583217.7285586447
3281,1723431.010441199
3282,557766.875616163
3283,751511.2775367796
3284,521651.77173532546
3285,697260.5132299364
3286,266374.0631632358
3287,185640.5110630244
3288,286612.0365549922
3289,174845.18843373656
3290,424549.0853218287
3291,183258.16351118684
3292,360698.70685198903
3293,143569.93875224888
3294,157017.83144676685
3295,210443.94395156205
3296,195742.69774216413
3297,923645.4472433776
3298,483345.97621019185
3299,192399.25353480875
3300,369033.03969824314
3301,183872.16881981492
3302,126418.54369074106
3303,141124.32401880622
3304,500661.01702831686
3305,184683.24037490785
3306,228404.72542354465
3307,154829.27987608314
3308,134003.23128086329
3309,252967.74900570512
3310,241206.79243938625
3311,424360.81699712574
3312,625815.1442191005
3313,193954.10402315855
3314,114100.6780166775
3315,538824.9765585363
3316,269705.82646209
3317,362307.5722849518
3318,269554.929679513
3319,506365.29013726115
3320,1284476.7652341574
3321,258710.95311190188
3322,326312.2876383513
3323,854334.0971304327
3324,1524578.3552352637
3325,1127919.430448249
3326,1156617.4351292402
3327,878638.1430253237
3328,1550599.183798492
3329,888752.5120360553
3330,1134936.5141673833
3331,1632027.2333504856
3332,1129544.4885937274
3333,1318787.9114335924
3334,1644149.5517036915
3335,993204.1843911111
3336,1716262.2258502394
3337,2060125.8105029613
3338,697113.0968336612
3339,903091.6543164402
3340,1114138.9655466974
3341,1413280.5651431233
3342,1042257.7679884732
3343,628621.2378441393
3344,699501.845951125
3345,1175350.6837132573
3346,1142499.1048899442
3347,907782.0369746834
3348,912583.347330898
3349,912818.2255746424
3350,1232026.611024946
3351,1946216.2416878343
3352,1334433.3283951879
3353,1245815.451899007
3354,1134919.8916597664
3355,1421418.3943500519
3356,1710491.2741589993
3357,1246584.867424816
3358,1387188.0875548273
3359,1641404.015241146
3360,1237560.0685549676
3361,605760.9690112472
3362,693245.5461208373
3363,596086.6932428777
3364,673310.7113725096
3365,647015.6332013607
3366,1071329.064828366
3367,558623.4391412884
3368,590958.201110974
3369,1103944.5556772351
3370,545384.2617854029
3371,541052.6559951901
3372,641529.5784077793
3373,715139.2088598609
3374,417079.6223562658
3375,622093.1203333735
3376,961229.7066656053
3377,642771.6367436051
3378,712810.3601978719
3379,683723.8245773911
3380,675406.6656702757
3381,759169.0080745816
3382,1104497.3438508064
3383,886510.8142454326
3384,682526.4406747967
3385,449053.6846244931
3386,1226964.9424885362
3387,697808.7795733064
3388,449772.7902351767
3389,711105.6611146927
3390,767911.8477698117
3391,523132.72330871224
3392,491723.56819215417
3393,928443.4699768424
3394,512665.6668755412
3395,641472.5224032998
3396,820849.3338600546
3397,914871.4416380823
3398,886642.3826857358
3399,734577.3158501834
3400,980058.7321818769
3401,465937.2520122826
3402,724499.3104658127
3403,769428.2688326836
3404,969675.6177638918
3405,1456315.456116289
3406,626427.6585050225
3407,824865.4385468662
3408,934537.9523516744
3409,949433.0571049601
3410,1286310.496289745
3411,1346760.7580356002
3412,958417.3144834191
3413,907792.2465313524
3414,985118.7367247045
3415,829880.5699599981
3416,456257.8066481203
3417,1561805.5371228904
3418,1215772.648036033
3419,866730.7866738886
3420,1036149.3672301024
3421,980199.7628775388
3422,768387.0958386362
3423,954796.0616680235
3424,1433996.1858133823
3425,1449523.2713322937
3426,1582972.4259058684
3427,1171399.8293292075
3428,944229.1006420404
3429,936664.4476310164
3430,896270.1112011522
3431,1051718.4262893945
3432,938023.9693316072
3433,1142827.177144006
3434,1201273.5404173285
3435,1217864.1146439612
3436,1124343.0310449153
3437,1443649.813206017
3438,967599.6077270955
3439,767499.0968651175
3440,747825.449854508
3441,1148435.7611771375
3442,897634.1652957648
3443,1238373.8895697445
3444,1119248.0519255549
3445,840480.3849977404
3446,768006.5998170972
3447,940979.3212724775
3448,877271.9148641527
3449,934633.5036066324
3450,1251056.7692954391
3451,1005212.056301713
3452,1163233.4008086175
3453,900253.8731615543
3454,1002316.599500671
3455,1339551.9694559425
3456,204384.9476890117
3457,718268.8440943509
3458,458228.16598789394
3459,400586.7712261677
3460,644300.5369523168
3461,715657.0938137919
3462,283643.694641307
3463,407295.7505852133
3464,346391.8260823339
3465,529379.9086010456
3466,65527.31209637225
3467,449430.62349841
3468,630574.9893686026
3469,261551.9594142884
3470,171809.73435667157
3471,349272.1459592134
3472,447347.3125035316
3473,401532.6537348926
3474,554074.7098979056
3475,189249.827107355
3476,237264.48378691077
3477,201223.5258450359
3478,487803.0763026625
3479,327991.62210440636
3480,84346.54949864745
3481,268662.1685629785
3482,412444.1906325221
3483,586164.1580556035
3484,158053.0860066712
3485,556125.3557355851
3486,238945.1520936489
3487,369031.0286884755
3488,336605.7792825252
3489,494187.1767012328
3490,729508.1953567564
3491,241238.15675620735
3492,267586.5840828717
3493,575750.5944804549
3494,547830.4094552249
3495,504904.88099963963
3496,417747.448519662
3497,463004.1179546565
3498,571150.6721738577
3499,694691.8928469718
3500,649311.5480470657
3501,573304.8837514669
3502,582102.1356382519
3503,316251.3429353982
3504,426828.158481583
3505,473014.54421655834
3506,595865.3539626896
3507,656323.0687651783
3508,890612.2605343163
3509,634352.3211165816
3510,331301.8726923317
3511,1958918.1486198902
3512,436662.9387883097
3513,655666.5547555685
3514,663076.8275111169
3515,793771.3753254265
3516,748113.2954289168
3517,331301.8726923317
3518,378956.20905543864
3519,843354.9582865834
3520,705208.6955358088
3521,513832.1391438246
3522,812967.2260981351
3523,268459.3827588111
3524,631668.31223239
3525,529771.890977487
3526,1823560.2445608377
3527,573452.329660818
3528,676146.3206945062
3529,579916.6820738614
3530,531022.3177546412
3531,501923.01130723953
3532,744893.8396570683
3533,535530.0571362227
3534,514650.9618052244
3535,629327.2066094875
3536,718366.1300698519
3537,655814.4536406845
3538,334521.00406742096
3539,722793.8220926821
3540,536747.0088717043
3541,1103077.234393254
3542,560613.1555728614
3543,136626.8329359293
3544,235038.59917235374
3545,60337.09247212112
3546,149182.3521285206
3547,186148.02973422408
3548,224976.20741033554
3549,292686.2568525374
3550,525013.3802306652
3551,308636.4613866359
3552,270901.5721116811
3553,177673.70218852162
3554,85781.805533126
3555,266588.8549774587
3556,204535.64912942052
3557,154428.32778550684
3558,230642.5416969806
3559,257708.7513360232
3560,263159.982185781
3561,135218.62001027167
3562,317656.4194701761
3563,230423.93572841585
3564,56501.682200580835
3565,381505.0446791351
3566,489858.8134841323
3567,381515.4354762137
3568,208361.22841969132
3569,284844.43847967684
3570,398113.2545544207
3571,181410.68956884742
3572,178050.1269466132
3573,266981.8882957399
3574,324585.91863800585
3575,384525.19170308113
3576,200683.55307911336
3577,379140.3486388624
3578,180480.36542110145
3579,208727.67873248458
3580,377597.11676470935
3581,184796.34327965975
3582,200613.63146355748
3583,206135.50752018392
3584,365259.1607285142
3585,269253.3555152714
3586,288996.55019778013
3587,438902.9830543399
3588,366261.95511619747
3589,114744.41336847842
3590,178059.11184738576
3591,206873.11826437712
3592,381458.4302687645
3593,57726.87363041937
3594,430795.8664818704
3595,320515.15365722775
3596,712976.5950241238
3597,227331.37059019506
3598,647764.540647462
3599,406917.91752792895
3600,222968.9629971832
3601,76768.61547034979
3602,203835.60692051053
3603,493625.02366015315
3604,124713.39626078308
3605,387573.00670424104
3606,349031.46360358596
3607,296612.8731404096
3608,789631.8544376493
3609,437221.33121700585
3610,620871.7273641974
3611,199876.34059126675
3612,319525.4176404923
3613,196703.9783551097
3614,473284.7014185786
3615,14469.10488806665
3616,164328.36412139237
3617,467748.107479617
3618,158739.0141133964
3619,142290.62729382515
3620,167519.0678023547
3621,231804.07222661376
3622,314094.76626610756
3623,541143.8219608665
3624,217207.12511609495
3625,280512.4156514853
3626,241797.77034284174
3627,402456.17467297614
3628,356770.567053318
3629,197278.37495575845
3630,327519.37082982063
3631,276401.3907253146
3632,200478.07671554387
3633,270840.73312319815
3634,295949.9572585374
3635,771604.7944399863
3636,224104.15045811236
3637,917187.9868103415
3638,437243.48484028876
3639,346603.81148193777
3640,260293.8882151246
3641,270322.4717940986
3642,203838.57055948675
3643,397186.771085456
3644,212093.75761200488
3645,506736.1744520962
3646,248803.3037903309
3647,191239.79368458688
3648,457160.154499352
3649,412584.4855706394
3650,433351.50886663795
3651,435676.3496928066
3652,367350.2349295914
3653,568689.0278790146
3654,352573.83830057085
3655,501769.0724836588
3656,570081.5322186351
3657,699512.430927828
3658,529057.311187461
3659,438756.76764543355
3660,989305.9145213962
3661,566129.9726059586
3662,396687.52189038694
3663,799081.5145914257
3664,718821.9334367514
3665,452706.1507856846
3666,882371.9324403256
3667,668256.0120770037
3668,395370.25320099294
3669,1013661.2691524029
3670,596774.0312560946
3671,784981.3700070977
3672,513600.11785802245
3673,786724.2513282448
3674,1010313.2828670442
3675,509591.9283812791
3676,600847.1195456386
3677,1044711.807375297
3678,519760.58203180134
3679,362070.26209910214
3680,413352.58468934894
3681,337093.1915203631
3682,531970.5228478462
3683,560129.4767765701
3684,512470.75332708657
3685,589059.7392039597
3686,749138.3600964397
3687,416909.8126796335
3688,431454.4781117439
3689,380242.61450885236
3690,371971.8872604668
3691,472678.69050598145
3692,336597.5856049508
3693,441539.76405382156
3694,443678.47840581834
3695,424155.1728075892
3696,740273.9475001544
3697,431423.34454008937
3698,300003.51480923593
3699,528019.2758337557
3700,863770.6545503438
3701,315164.7502345443
3702,431419.0921628922
3703,383802.9904926568
3704,374275.45370849967
3705,678128.5507512838
3706,299812.61467310786
3707,445935.3413133174
3708,422659.67461156845
3709,574463.3334364146
3710,367341.1809666902
3711,421869.60268460214
3712,428803.20786866546
3713,469381.0565942377
3714,610397.2920418382
3715,475582.4077115357
3716,605496.0278523266
3717,1011256.741359964
3718,334818.86246204376
3719,421783.6064489782
3720,575280.7019575983
3721,413001.3101166785
3722,445895.68551683426
3723,271557.7650550008
3724,296505.53573456407
3725,347684.28085051477
3726,339688.34534169734
3727,447361.4114730358
3728,395500.3414802551
3729,424369.9050204605
3730,508181.6130396724
3731,372030.1978622079
3732,426795.62335662544
3733,371324.5855816901
3734,970957.6495616287
3735,445558.9555981308
3736,493889.23762097955
3737,350178.6137204617
3738,578698.1389842033
3739,319070.19450841844
3740,423945.7643454373
3741,315556.73357740045
3742,316475.0299463123
3743,609291.9367942512
3744,648329.9098072499
3745,958300.3380368352
3746,412868.322014004
3747,889185.1310505718
3748,437676.73994398117
3749,465760.2866858095
3750,367019.32418192923
3751,517228.0307954699
3752,433030.6316922456
3753,2123013.3629505932
3754,459327.35256402194
3755,739389.1365778446
3756,2043967.4728912115
3757,414080.4871939868
3758,638018.9359730184
3759,445186.7725993246
3760,596248.2460487634
3761,487552.7865908146
3762,697431.6804111153
3763,537447.004216373
3764,539501.4770142734
3765,1727331.6315918118
3766,617157.1305689961
3767,666707.6136472076
3768,473719.0707484931
3769,709151.3931566328
3770,470319.439633742
3771,684391.0207045376
3772,454446.36980198324
3773,818466.4937567413
3774,389735.9600946754
3775,876104.9022236764
3776,2028805.861746803
3777,1336040.2771190703
3778,2086181.2292627692
3779,273061.4163470119
3780,224643.95062354207
3781,75922.05608680844
3782,176224.08260519803
3783,97914.6640034914
3784,586557.5547541082
3785,529772.9201970994
3786,406333.04236473143
3787,343472.1461844444
3788,254507.6967650801
3789,367774.99041312933
3790,284764.7930814475
3791,202938.39037574828
3792,299267.77900363505
3793,262028.58654034138
3794,892445.2673612535
3795,217015.6144155115
3796,186664.39571741223
3797,109828.4460838288
3798,287770.2989321351
3799,124867.49322070181
3800,19881.261624455452
3801,549447.4737706631
3802,344692.96236623824
3803,169030.22754487395
3804,474089.9988294244
3805,122409.19996094704
3806,164533.83063790202
3807,106952.63650393486
3808,151887.4170359969
3809,180968.57907357812
3810,211307.48989154398
3811,397044.49010026455
3812,413841.33109243214
3813,187547.77803593874
3814,301500.9317741543
3815,312578.5712790042
3816,333634.0854475498
3817,405987.9964103848
3818,195512.56271500885
3819,294999.00868938863
3820,205831.62876726687
3821,446785.4840155691
3822,230994.41655649245
3823,358263.7219516188
3824,319310.6792203337
3825,231717.6475981027
3826,194946.95808583498
3827,145712.21973270178
3828,542141.8677484691
3829,596772.7035587132
3830,451778.5929646343
3831,731182.5631658137
3832,569932.9903788269
3833,466122.98056171834
3834,502045.73337225616
3835,264627.51439234614
3836,307227.52252042294
3837,201246.159827739
3838,478756.93563595414
3839,341096.4708799273
3840,278230.1249770969
3841,437692.81177432835
3842,339856.8850494921
3843,519233.93928073347
3844,212826.90948036313
3845,260083.44812008739
3846,29229.148004189134
3847,319264.0648099482
3848,217515.75446221232
3849,887160.8123419881
3850,729123.8628445417
3851,196653.02416056395
3852,381561.53653262556
3853,102467.07940457761
3854,270440.36689555645
3855,423940.7563687414
3856,428369.80318054557
3857,491465.83406350017
3858,297857.7092874199
3859,340503.3104786575
3860,563987.4767784625
3861,301436.2204847038
3862,692558.5166271031
3863,628651.520381555
3864,774640.4692616612
3865,398253.35646879673
3866,420601.64438182116
3867,752130.8226274252
3868,402768.9393264502
3869,459026.50726002455
3870,459026.50726002455
3871,451512.04751719534
3872,735656.4140235186
3873,599842.5859141201
3874,643357.3602694273
3875,364133.43521647155
3876,642113.3333261013
3877,576404.5181053728
3878,708378.1218305528
3879,780809.1404175758
3880,455742.19609196484
3881,675047.48319
3882,475436.34304501116
3883,405207.0181533098
3884,475469.5564685762
3885,1246228.2810281515
3886,602406.4452846199
3887,415018.0857156515
3888,1278476.0384722203
3889,370699.8169310689
3890,399921.79689086974
3891,399921.79689086974
3892,231852.2235621363
3893,463541.10399082303
3894,579599.910569787
3895,178486.5210723281
3896,269158.02258737385
3897,197758.3647505343
3898,370825.3298532069
3899,307027.09700000286
3900,111172.94751918316
3901,353135.141247198
3902,384867.8186509311
3903,171529.30298511684
3904,362455.5318944007
3905,332664.72710984945
3906,317403.9254799485
3907,476888.19694019854
3908,213555.32931269705
3909,390630.79260259867
3910,293406.38435323536
3911,607921.8759930879
3912,162738.81447975338
3913,227852.30734598637
3914,170744.52634106576
3915,216430.45698966086
3916,344854.96766895056
3917,265137.6223655045
3918,177474.21109847724
3919,334753.6950901747
3920,161227.40857496858
3921,417165.80266276
3922,42911.72615160048
3923,301494.8712411672
3924,275934.81639428437
3925,335944.6685112119
3926,302273.5881167203
3927,319175.5755594373
3928,279925.00355002284
3929,176674.29803352058
3930,331253.4004832804
3931,664017.3342234939
3932,343428.2377162427
3933,321609.3803167939
3934,377348.09098151326
3935,410241.2690153718
3936,268691.7125468701
3937,155597.98743760586
3938,231618.2724341601
3939,498869.08098372817
3940,374573.2582408935
3941,288511.1657323092
3942,310171.66009552777
3943,343428.2377162427
3944,303611.3306225538
3945,325795.9044186473
3946,298111.973939538
3947,432997.36148928106
3948,348227.44249109924
3949,503416.22058324516
3950,263028.9025722742
3951,203506.17654952407
3952,573538.7934681922
3953,308084.607822597
3954,391163.02764236927
3955,303589.96208557487
3956,716591.7729662061
3957,367876.77417626977
3958,373471.96195210516
3959,409456.09929025173
3960,269581.7995300442
3961,247396.77645623684
3962,579540.2475612015
3963,224637.34957847
3964,352108.5300461501
3965,182743.86168055236
3966,343492.6434418708
3967,562562.4994033575
3968,302293.7476249635
3969,147180.65989637375
3970,311598.2813156247
3971,340355.0502732545
3972,290930.31384316087
3973,487013.2274133861
3974,367962.9243117571
3975,693560.4210987538
3976,302286.2819482088
3977,294106.1329089999
3978,319232.3991126269
3979,433043.97589965165
3980,554992.2742118686
3981,189427.70288662612
3982,316028.33714595437
3983,293372.6440091431
3984,413938.9135852158
3985,270008.3045979738
3986,366353.3863348812
3987,66204.17929251492
3988,-27075.485885351896
3989,-27075.485885351896
3990,71435.862196818
3991,916236.9900311232
3992,595911.9915955216
3993,216822.95637652278
3994,417047.8956052661
3995,146350.97109909356
3996,260960.82474169135
3997,85909.65031345189
3998,85909.65031345189
3999,379031.0720677972
4000,321596.15250359476
4001,114384.55145741999
4002,539450.0311982781
4003,269675.8479991853
4004,61001.6635954082
4005,225139.04391287267
4006,206578.76295894384
4007,162003.05525493622
4008,178311.80294384062
4009,258431.184451133
4010,441368.2245182246
4011,158024.3417763263
4012,451870.8138964772
4013,312095.06974717975
4014,510072.2644138932
4015,699429.4585036337
4016,447777.24239863455
4017,382708.3764240593
4018,647739.2973956019
4019,245081.18941141665
4020,680340.554240197
4021,391469.7151593268
4022,488263.24064189196
4023,623480.7219118327
4024,193413.73181526363
4025,496222.67866799235
4026,423510.3151501119
4027,342002.62642638385
4028,414006.9045779556
4029,395915.9782785624
4030,387775.8615889549
4031,264483.7414762527
4032,422699.0617016405
4033,270609.90196709335
4034,556087.3927491456
4035,573858.200044468
4036,330615.4015751034
4037,497481.28877311945
4038,251592.14368963242
4039,325717.04054549336
4040,464389.1410955936
4041,486871.3050312549
4042,493321.1259281337
4043,504555.0947714001
4044,385247.4639009088
4045,673914.0734531283
4046,341681.84981651604
4047,593620.8271936178
4048,428987.3856060803
4049,837282.9057642668
4050,888353.9967710972
4051,500700.4447336346
4052,254136.72656141222
4053,690672.0016634166
4054,650947.369922325
4055,615311.1127703488
4056,589767.8785459846
4057,423407.1364788115
4058,633072.0541402847
4059,663103.8259884268
4060,263317.3820441514
4061,390481.8938471973
4062,513392.85956698656
4063,252316.54785205424
4064,638881.4095846266
4065,595440.8209329695
4066,552568.3749961853
4067,566273.6737518907
4068,490071.0824353993
4069,572039.1189499199
4070,501841.6929845214
4071,667651.2936353832
4072,264528.6298727542
4073,760480.959152326
4074,567247.4456386566
4075,508961.4209937453
4076,298330.1871647686
4077,254151.97868293524
4078,548685.5927476436
4079,551553.9911289513
4080,145359.04161684215
4081,97109.61701875925
4082,399012.7798907906
4083,157110.2450117767
4084,422562.04916386306
4085,334268.20712561905
4086,174425.6124728322
4087,5470.3059579283
4088,260659.8580877483
4089,52984.136807739735
4090,471256.93963958323
4091,97490.44183780253
4092,678542.3888913989
4093,141374.94215539098
4094,378050.0867654234
4095,309109.23107902706
4096,465795.50825980306
4097,223622.44127441943
4098,80436.09296511114
4099,432677.3601246029
4100,626364.574715957
4101,1054145.5324863642
4102,142264.00981485844
4103,308005.2449231148
4104,280528.5927223712
4105,297788.5389548838
4106,153889.282216385
4107,310163.8572717905
4108,447995.4909798503
4109,551207.5854567587
4110,415370.07653312385
4111,374267.8752582371
4112,264068.87366080284
4113,204832.8687159717
4114,530722.3497993201
4115,249193.00998583436
4116,231481.40747842193
4117,396345.2304804325
4118,204836.3860268891
4119,237862.54600985348
4120,412596.90640190244
4121,767855.0576604605
4122,832645.29485704
4123,795876.113451615
4124,607129.3568489552
4125,753691.6702503115
4126,615518.8933530599
4127,993923.994165808
4128,450792.91526813805
4129,570587.9721174091
4130,547765.7051723748
4131,562330.6215646565
4132,656089.3444932401
4133,452367.4264559895
4134,674578.9910108894
4135,439848.53191934526
4136,777450.743121475
4137,633866.6555395275
4138,503900.3817639947
4139,944277.1085860133
4140,871492.3987109959
4141,485742.1456822604
4142,705740.4202189296
4143,409530.9584069252
4144,329798.54609146714
4145,331786.4096030891
4146,565709.7785125822
4147,877647.829062745
4148,941444.9809066057
4149,667692.6957394332
4150,548431.2774776518
4151,493549.3088326305
4152,717026.272800684
4153,362864.9631957412
4154,338995.20157307386
4155,475624.47919011116
4156,621036.7047736496
4157,583769.5700214058
4158,788126.6523676664
4159,394405.3160844445
4160,478648.70309610665
4161,580612.0715916902
4162,468243.32158768177
4163,575879.3220895529
4164,574010.9970350862
4165,503990.98864613473
4166,514809.6767411232
4167,439050.7008937001
4168,558068.3941661865
4169,406189.5050892234
4170,507022.91353565454
4171,545682.9552903175
4172,677541.217465952
4173,492453.6326639652
4174,450305.7869403064
4175,545681.6197054684
4176,542143.7661788315
4177,498141.3557087481
4178,584392.7711824328
4179,574058.6693922579
4180,519308.6455735266
4181,498102.77932707965
4182,502326.18770323694
4183,505360.51581041515
4184,494293.8972311467
4185,516039.64610278606
4186,486144.4399738312
4187,509270.03984594345
4188,500384.3026366085
4189,289085.5826499462
4190,667324.2404711843
4191,401094.51807790995
4192,540504.3372651786
4193,604172.8175586462
4194,1095657.382609129
4195,902449.0063699782
4196,702263.9325197786
4197,1494765.5438777655
4198,747095.7943214327
4199,360648.4703538269
4200,540318.91922611
4201,652205.7810980529
4202,255133.8707382083
4203,-166206.41156704724
4204,925781.6637255996
4205,951653.3409020603
4206,797388.8750891536
4207,518425.93206477165
4208,1194511.3186507076
4209,84119.3976175189
4210,84119.3976175189
4211,84119.3976175189
4212,316190.88024914265
4213,266538.52862226963
4214,551790.6096484661
4215,401677.9773697555
4216,374346.87852448225
4217,343351.2760293931
4218,256739.67225401103
4219,306999.49195699394
4220,159595.24728485942
4221,148995.90924356878
4222,339346.1712064594
4223,178405.36790052056
4224,505064.761767745
4225,233891.97486504912
4226,164673.82288075984
4227,105480.74239602685
4228,115009.08281904459
4229,133730.75619706511
4230,425577.2876483798
4231,285587.5726199597
4232,434305.3266751468
4233,180164.7068502754
4234,289028.85602769256
4235,99010.85075759888
4236,286438.6998310983
4237,296468.68341101706
4238,240990.41757798195
4239,115191.09700743854
4240,236325.01668109
4241,314120.224434793
4242,387431.93541809916
4243,315610.4451119751
4244,258419.38968986273
4245,313455.1143773645
4246,368226.31022039056
4247,439101.6373691857
4248,399459.6944030076
4249,293036.9696687013
4250,632043.0667661875
4251,467535.8476842344
4252,220793.58514529467
4253,786076.7236236185
4254,217457.89617303014
4255,265519.3696999997
4256,184411.06160584092
4257,173425.81904572248
4258,486283.4800733626
4259,468263.59406508505
4260,290461.25467941165
4261,189651.95098029077
4262,163539.63265173137
4263,486744.3551069051
4264,459706.1662210673
4265,414704.5467994958
4266,332901.66129769385
4267,286467.94373114407
4268,599501.4358456284
4269,222379.35194535553
4270,407510.3101182133
4271,559238.7726628631
4272,307977.60410277545
4273,144049.419167459
4274,199056.25379998982
4275,287373.19306878746
4276,199495.29290410876
4277,229603.5773946494
4278,300690.06537628174
4279,542465.6099491268
4280,218941.2137313038
4281,176743.22669936717
4282,218625.08844803274
4283,266646.95354259014
4284,591235.898882255
4285,408047.3591527641
4286,252465.16120359302
4287,301497.71598120034
4288,794076.8191830367
4289,230046.8699309528
4290,302354.14088632166
4291,226582.21742399037
4292,497514.0495119542
4293,223349.7691589892
4294,322393.3123307973
4295,265971.85906483233
4296,179721.3895418048
4297,608628.6993744671
4298,183200.71052889526
4299,404837.7833274007
4300,404030.8883507103
4301,2739858.8301993906
4302,1732131.7266355008
4303,2308323.533589065
4304,1982590.7912858874
4305,2128413.6479340345
4306,2674072.8421868086
4307,2271787.9131503105
4308,2237083.149671361
4309,2158137.662458718
4310,2551673.368236944
4311,2183696.8297672123
4312,811344.0518306047
4313,454490.70977406204
4314,1482884.311213404
4315,559220.4755826592
4316,510246.65608508885
4317,759097.7448194921
4318,1021909.615403384
4319,480442.54414603114
4320,934654.2339664996
4321,670462.6628266573
4322,1065569.6545893848
